0.1154609680175781
0.15766105651855467
0.23395500183105467
0.35674057006835935
0.19795379638671873
0.16290626525878904
0.13095817565917967
0.08375129699707029
0.15384635925292967
0.20224533081054685
0.22322616577148435
0.24373016357421873
0.15217742919921873
0.13501129150390623
0.1829334259033203
0.1867481231689453
0.25755844116210935
0.20558319091796873
0.13048133850097654
0.14121017456054685
0.26590309143066404
0.22966346740722654
0.12094459533691404
0.18317184448242185
0.21798095703124998
0.1230903625488281
0.17506561279296873
0.10330162048339842

