0.1307197570800781
0.15766105651855467
0.2344318389892578
0.3457733154296875
0.20462951660156248
0.16409835815429685
0.1276203155517578
0.08255920410156248
0.15193901062011717
0.19914588928222654
0.22346458435058592
0.24492225646972654
0.15527687072753904
0.1428791046142578
0.18650970458984373
0.1905628204345703
0.25493583679199217
0.2115436553955078
0.15384635925292967
0.14383277893066404
0.27234039306640623
0.25493583679199217
0.11569938659667967
0.18531761169433592
0.21416625976562498
0.19151649475097654
0.2000995635986328
0.10568580627441404

