0.1307197570800781
0.1581378936767578
0.22966346740722654
0.343865966796875
0.19580802917480467
0.1612373352050781
0.14359436035156248
0.08398971557617185
0.1581378936767578
0.2000995635986328
0.19866905212402342
0.24158439636230467
0.14812431335449217
0.14049491882324217
0.17482719421386717
0.18698654174804685
0.24945220947265623
0.20367584228515623
0.1562305450439453
0.14836273193359373
0.2732940673828125
0.2501674652099609
0.11569938659667967
0.1764961242675781
0.21106681823730467
0.18937072753906248
0.23395500183105467
0.10497055053710935

