0.11569938659667967
0.13620338439941404
0.21178207397460935
0.3202625274658203
0.20534477233886717
0.1638599395751953
0.13977966308593748
0.08279762268066404
0.15289268493652342
0.20462951660156248
0.20272216796874998
0.24730644226074217
0.1536079406738281
0.1409717559814453
0.17983398437499998
0.1936622619628906
0.23419342041015623
0.21035156249999998
0.13310394287109373
0.15193901062011717
0.2489753723144531
0.2363391876220703
0.11689147949218748
0.1829334259033203
0.2115436553955078
0.13024291992187498
0.17554244995117185
0.10497055053710935

