0.1314350128173828
0.15766105651855467
0.23300132751464842
0.3474422454833984
0.1962848663330078
0.15646896362304685
0.13119659423828123
0.08041343688964842
0.1543231964111328
0.19795379638671873
0.21893463134765623
0.2470680236816406
0.15575370788574217
0.1364418029785156
0.17768821716308592
0.19127807617187498
0.2561279296875
0.2070137023925781
0.15909156799316404
0.17315826416015623
0.26590309143066404
0.24802169799804685
0.11593780517578123
0.18054924011230467
0.20987472534179685
0.1810260772705078
0.1974769592285156
0.09853324890136717

