0.12428245544433592
0.13191184997558592
0.21702728271484373
0.25898895263671873
0.1784034729003906
0.16099891662597654
0.13691864013671873
0.08995018005371092
0.1536079406738281
0.2039142608642578
0.2012916564941406
0.25064430236816404
0.15098533630371092
0.1249977111816406
0.18746337890624998
0.1745887756347656
0.23157081604003904
0.21368942260742185
0.13405761718749998
0.1517005920410156
0.22274932861328123
0.20725212097167967
0.11593780517578123
0.18126449584960935
0.18746337890624998
0.1002021789550781
0.17411193847656248
0.10354003906249998

