0.12046775817871092
0.14168701171874998
0.2184577941894531
0.2597042083740234
0.1764961242675781
0.1695819854736328
0.1352497100830078
0.08351287841796873
0.16242942810058592
0.20343742370605467
0.20296058654785154
0.2515979766845703
0.15336952209472654
0.11832199096679685
0.18364868164062498
0.17244300842285154
0.23037872314453123
0.1955696105957031
0.13977966308593748
0.15718421936035154
0.22537193298339842
0.20653686523437498
0.1173683166503906
0.15980682373046873
0.19509277343749998
0.1002021789550781
0.16982040405273435
0.10616264343261717

