0.11426887512207029
0.16529045104980467
0.22894821166992185
0.35054168701171873
0.1955696105957031
0.1593299865722656
0.12595138549804685
0.08613548278808592
0.15718421936035154
0.19533119201660154
0.22394142150878904
0.25302848815917967
0.15265426635742185
0.1409717559814453
0.1822181701660156
0.19604644775390623
0.2566047668457031
0.21321258544921873
0.15694580078124998
0.15384635925292967
0.27043304443359373
0.23204765319824217
0.11403045654296873
0.18555603027343748
0.21511993408203123
0.17673454284667967
0.20033798217773435
0.10711631774902342

