0.13405761718749998
0.16028366088867185
0.3588863372802734
0.3531642913818359
0.2020069122314453
0.16147575378417967
0.13501129150390623
0.08065185546874998
0.15313110351562498
0.20033798217773435
0.19723854064941404
0.24659118652343748
0.14907798767089842
0.14001808166503904
0.17625770568847654
0.18770179748535154
0.25112113952636717
0.20343742370605467
0.15527687072753904
0.15003166198730467
0.2656646728515625
0.2546974182128906
0.11093101501464842
0.1791187286376953
0.20653686523437498
0.19461593627929685
0.2108283996582031
0.09853324890136717

