0.1364418029785156
0.15980682373046873
0.24182281494140623
0.3443428039550781
0.19962272644042967
0.15909156799316404
0.13668022155761717
0.08208236694335935
0.14645538330078123
0.19914588928222654
0.22918663024902342
0.24945220947265623
0.1562305450439453
0.1447864532470703
0.1867481231689453
0.19461593627929685
0.25326690673828123
0.20749053955078123
0.15217742919921873
0.15503845214843748
0.2706714630126953
0.2592273712158203
0.11832199096679685
0.18126449584960935
0.21750411987304685
0.19294700622558592
0.20367584228515623
0.10330162048339842

