0.13811073303222654
0.16147575378417967
0.23347816467285154
0.35173377990722654
0.20844421386718748
0.16076049804687498
0.12928924560546873
0.07898292541503904
0.15456161499023435
0.20367584228515623
0.22918663024902342
0.24849853515624998
0.15599212646484373
0.13977966308593748
0.1829334259033203
0.1955696105957031
0.25112113952636717
0.20987472534179685
0.1536079406738281
0.15384635925292967
0.2699562072753906
0.26137313842773435
0.11331520080566404
0.18555603027343748
0.21607360839843748
0.20033798217773435
0.19342384338378904
0.09924850463867185

