0.13477287292480467
0.15694580078124998
0.2299018859863281
0.3476806640625
0.20057640075683592
0.15885314941406248
0.12452087402343748
0.07969818115234373
0.14955482482910154
0.1993843078613281
0.2241798400878906
0.2451606750488281
0.15003166198730467
0.1352497100830078
0.18364868164062498
0.19199333190917967
0.24921379089355467
0.20057640075683592
0.1276203155517578
0.14621696472167967
0.27281723022460935
0.23157081604003904
0.11379203796386717
0.17864189147949217
0.21321258544921873
0.12714347839355467
0.17744979858398435
0.10473213195800779

