0.1352497100830078
0.16481361389160154
0.22847137451171873
0.3462501525878906
0.19843063354492185
0.1612373352050781
0.13215026855468748
0.08041343688964842
0.15527687072753904
0.19866905212402342
0.22704086303710935
0.2501674652099609
0.15074691772460935
0.14574012756347654
0.17506561279296873
0.19652328491210935
0.2515979766845703
0.21011314392089842
0.12523612976074217
0.14240226745605467
0.27090988159179685
0.2515979766845703
0.11569938659667967
0.18150291442871092
0.21106681823730467
0.19509277343749998
0.2020069122314453
0.10258636474609373

