0.11188468933105467
0.1383491516113281
0.20987472534179685
0.29522857666015623
0.17578086853027342
0.15766105651855467
0.12905082702636717
0.08041343688964842
0.15694580078124998
0.1974769592285156
0.1993843078613281
0.24468383789062498
0.15098533630371092
0.14383277893066404
0.17387351989746092
0.17196617126464842
0.22775611877441404
0.21321258544921873
0.1288124084472656
0.14883956909179685
0.24420700073242185
0.23014030456542967
0.12142143249511717
0.18531761169433592
0.18937072753906248
0.12475929260253904
0.17673454284667967
0.1002021789550781

