0.11617622375488279
0.1574226379394531
0.23037872314453123
0.3488727569580078
0.19652328491210935
0.16076049804687498
0.13119659423828123
0.07874450683593748
0.15289268493652342
0.19485435485839842
0.22942504882812498
0.24468383789062498
0.14574012756347654
0.14359436035156248
0.18078765869140623
0.18841705322265623
0.26208839416503904
0.2031990051269531
0.15527687072753904
0.1390644073486328
0.2687641143798828
0.25302848815917967
0.11617622375488279
0.17625770568847654
0.20915946960449217
0.19199333190917967
0.19485435485839842
0.09924850463867185

