0.13620338439941404
0.15789947509765623
0.2306171417236328
0.35030326843261717
0.20057640075683592
0.1600452423095703
0.13191184997558592
0.08899650573730467
0.15217742919921873
0.19962272644042967
0.22012672424316404
0.25135955810546873
0.15885314941406248
0.14383277893066404
0.18269500732421873
0.1905628204345703
0.2515979766845703
0.21416625976562498
0.1326271057128906
0.14717063903808592
0.2694793701171875
0.24063072204589842
0.12142143249511717
0.18150291442871092
0.21702728271484373
0.12809715270996092
0.1753040313720703
0.10187110900878904

