0.13381919860839842
0.15837631225585935
0.2363391876220703
0.3526874542236328
0.20725212097167967
0.16147575378417967
0.13358078002929685
0.09138069152832029
0.15718421936035154
0.20939788818359373
0.22775611877441404
0.2508827209472656
0.14764747619628904
0.13858757019042967
0.1772113800048828
0.1962848663330078
0.25112113952636717
0.21106681823730467
0.15146217346191404
0.14359436035156248
0.26828727722167967
0.2318092346191406
0.1154609680175781
0.18245658874511717
0.21202049255371092
0.17435035705566404
0.1714893341064453
0.10091743469238279

