0.11617622375488279
0.1555152893066406
0.23467025756835935
0.35173377990722654
0.19866905212402342
0.1593299865722656
0.15789947509765623
0.08255920410156248
0.1505084991455078
0.19676170349121092
0.22727928161621092
0.2432533264160156
0.14764747619628904
0.14049491882324217
0.17792663574218748
0.19151649475097654
0.24921379089355467
0.20749053955078123
0.13024291992187498
0.1440711975097656
0.2432533264160156
0.22513351440429685
0.11808357238769529
0.17744979858398435
0.2051063537597656
0.12142143249511717
0.1745887756347656
0.09805641174316404

