0.1314350128173828
0.1555152893066406
0.2318092346191406
0.3455348968505859
0.19866905212402342
0.15909156799316404
0.13858757019042967
0.07755241394042967
0.15766105651855467
0.19580802917480467
0.22370300292968748
0.2394386291503906
0.14812431335449217
0.14001808166503904
0.17578086853027342
0.18841705322265623
0.25064430236816404
0.20844421386718748
0.14931640624999998
0.14621696472167967
0.2654262542724609
0.25135955810546873
0.1097389221191406
0.17744979858398435
0.2096363067626953
0.19461593627929685
0.19795379638671873
0.0963874816894531

