0.12618980407714842
0.1612373352050781
0.2268024444580078
0.3457733154296875
0.19700012207031248
0.15956840515136717
0.1333423614501953
0.07993659973144529
0.15193901062011717
0.19795379638671873
0.22394142150878904
0.2515979766845703
0.15122375488281248
0.14240226745605467
0.1745887756347656
0.19127807617187498
0.2489753723144531
0.20486793518066404
0.16171417236328123
0.1459785461425781
0.2730556488037109
0.22727928161621092
0.11212310791015623
0.17768821716308592
0.20796737670898435
0.1524158477783203
0.17315826416015623
0.10306320190429685

