0.1211830139160156
0.1314350128173828
0.2153583526611328
0.320977783203125
0.1993843078613281
0.17578086853027342
0.13358078002929685
0.08255920410156248
0.15909156799316404
0.19771537780761717
0.2279945373535156
0.24992904663085935
0.15408477783203123
0.14335594177246092
0.17792663574218748
0.19533119201660154
0.2573200225830078
0.2089210510253906
0.13238868713378904
0.1466938018798828
0.24682960510253904
0.22561035156249998
0.12046775817871092
0.18317184448242185
0.2108283996582031
0.12618980407714842
0.17435035705566404
0.10663948059082029

