0.11689147949218748
0.16433677673339842
0.2318092346191406
0.3474422454833984
0.19914588928222654
0.15527687072753904
0.17101249694824217
0.08613548278808592
0.15694580078124998
0.19890747070312498
0.22203407287597654
0.24611434936523435
0.15193901062011717
0.15480003356933592
0.20606002807617185
0.1936622619628906
0.25755844116210935
0.20868263244628904
0.15885314941406248
0.14931640624999998
0.2725788116455078
0.22584877014160154
0.11021575927734373
0.18126449584960935
0.20987472534179685
0.17411193847656248
0.20343742370605467
0.09972534179687498

