0.11712989807128904
0.16219100952148435
0.2287097930908203
0.34481964111328123
0.19986114501953123
0.15670738220214842
0.1333423614501953
0.0811286926269531
0.14907798767089842
0.19199333190917967
0.2229877471923828
0.2382465362548828
0.15146217346191404
0.14550170898437498
0.1745887756347656
0.19032440185546873
0.25183639526367185
0.20486793518066404
0.12833557128906248
0.14883956909179685
0.2706714630126953
0.2268024444580078
0.10950050354003904
0.17673454284667967
0.20868263244628904
0.11856040954589842
0.17029724121093748
0.10354003906249998

