0.13548812866210935
0.15408477783203123
0.2337165832519531
0.3431507110595703
0.20534477233886717
0.15861473083496092
0.13596496582031248
0.07993659973144529
0.14931640624999998
0.19914588928222654
0.2210803985595703
0.24826011657714842
0.15074691772460935
0.14049491882324217
0.18054924011230467
0.1962848663330078
0.25064430236816404
0.21202049255371092
0.15146217346191404
0.1440711975097656
0.26328048706054685
0.24945220947265623
0.11093101501464842
0.1810260772705078
0.21178207397460935
0.19032440185546873
0.20415267944335935
0.09948692321777342

