0.13119659423828123
0.16147575378417967
0.2325244903564453
0.35173377990722654
0.19676170349121092
0.1593299865722656
0.12857398986816404
0.08136711120605467
0.15408477783203123
0.2229877471923828
0.22251091003417967
0.2458759307861328
0.14812431335449217
0.13954124450683592
0.1745887756347656
0.1962848663330078
0.2597042083740234
0.20558319091796873
0.15384635925292967
0.14621696472167967
0.2649494171142578
0.23347816467285154
0.11307678222656248
0.1803108215332031
0.21607360839843748
0.14907798767089842
0.17029724121093748
0.10306320190429685

