0.11307678222656248
0.1600452423095703
0.23323974609374998
0.3412433624267578
0.2051063537597656
0.15694580078124998
0.13477287292480467
0.08089027404785154
0.15861473083496092
0.20343742370605467
0.21893463134765623
0.24301490783691404
0.15122375488281248
0.1421638488769531
0.1810260772705078
0.19223175048828123
0.2566047668457031
0.20844421386718748
0.15718421936035154
0.1459785461425781
0.2680488586425781
0.2542205810546875
0.11522254943847654
0.17888031005859373
0.21058998107910154
0.19723854064941404
0.20248374938964842
0.10377845764160154

