0.11856040954589842
0.1345344543457031
0.20677528381347654
0.2794929504394531
0.17983398437499998
0.16076049804687498
0.13119659423828123
0.08327445983886717
0.15670738220214842
0.19485435485839842
0.20081481933593748
0.24849853515624998
0.15098533630371092
0.14550170898437498
0.18054924011230467
0.17101249694824217
0.23347816467285154
0.21440467834472654
0.13167343139648435
0.1440711975097656
0.22966346740722654
0.20486793518066404
0.11856040954589842
0.17744979858398435
0.18960914611816404
0.12237510681152342
0.1764961242675781
0.10663948059082029

