0.13739547729492185
0.1562305450439453
0.23347816467285154
0.3450580596923828
0.19914588928222654
0.1543231964111328
0.1364418029785156
0.08565864562988279
0.15599212646484373
0.19914588928222654
0.2012916564941406
0.24563751220703123
0.15575370788574217
0.14001808166503904
0.17816505432128904
0.18937072753906248
0.2623268127441406
0.20462951660156248
0.14883956909179685
0.14955482482910154
0.267572021484375
0.24826011657714842
0.11474571228027342
0.17744979858398435
0.21392784118652342
0.1905628204345703
0.20343742370605467
0.09996376037597654

