0.12809715270996092
0.16362152099609373
0.2268024444580078
0.3495880126953125
0.1981922149658203
0.15837631225585935
0.12285194396972654
0.07492980957031248
0.15146217346191404
0.20057640075683592
0.19676170349121092
0.24110755920410154
0.14883956909179685
0.13930282592773435
0.1753040313720703
0.19199333190917967
0.2561279296875
0.20677528381347654
0.15885314941406248
0.1447864532470703
0.27138671875
0.25708160400390623
0.11259994506835935
0.1803108215332031
0.20987472534179685
0.1867481231689453
0.1993843078613281
0.1021095275878906

