0.13596496582031248
0.1574226379394531
0.23323974609374998
0.3474422454833984
0.2051063537597656
0.16219100952148435
0.13358078002929685
0.08375129699707029
0.15456161499023435
0.19318542480468748
0.22894821166992185
0.24468383789062498
0.1517005920410156
0.1428791046142578
0.1764961242675781
0.1924701690673828
0.2546974182128906
0.20343742370605467
0.15408477783203123
0.1428791046142578
0.2692409515380859
0.2616115570068359
0.12070617675781248
0.17959556579589842
0.21941146850585935
0.23657760620117185
0.20081481933593748
0.10377845764160154

