0.11832199096679685
0.13858757019042967
0.2115436553955078
0.32741508483886717
0.2000995635986328
0.15718421936035154
0.13238868713378904
0.08041343688964842
0.15599212646484373
0.20081481933593748
0.2096363067626953
0.305718994140625
0.15217742919921873
0.14311752319335935
0.17601928710937498
0.19533119201660154
0.25708160400390623
0.2077289581298828
0.1326271057128906
0.1486011505126953
0.25112113952636717
0.2268024444580078
0.11879882812499998
0.18078765869140623
0.19032440185546873
0.12547454833984373
0.17578086853027342
0.10163269042968748

