0.11808357238769529
0.1600452423095703
0.22894821166992185
0.3469654083251953
0.1993843078613281
0.15575370788574217
0.1364418029785156
0.08160552978515623
0.14812431335449217
0.19914588928222654
0.2191730499267578
0.2542205810546875
0.14645538330078123
0.1371570587158203
0.1764961242675781
0.19652328491210935
0.25755844116210935
0.20606002807617185
0.13095817565917967
0.13882598876953123
0.2718635559082031
0.23228607177734373
0.10950050354003904
0.1733966827392578
0.21750411987304685
0.15193901062011717
0.17363510131835935
0.10616264343261717

