0.11403045654296873
0.15909156799316404
0.2020069122314453
0.3462501525878906
0.20415267944335935
0.16815147399902342
0.13501129150390623
0.08160552978515623
0.1593299865722656
0.20081481933593748
0.21798095703124998
0.2477832794189453
0.14883956909179685
0.1440711975097656
0.18126449584960935
0.1867481231689453
0.25302848815917967
0.21178207397460935
0.15265426635742185
0.14383277893066404
0.2649494171142578
0.2299018859863281
0.11760673522949217
0.1829334259033203
0.21225891113281248
0.1707740783691406
0.25898895263671873
0.10091743469238279

