0.13238868713378904
0.15694580078124998
0.23538551330566404
0.3474422454833984
0.19485435485839842
0.1593299865722656
0.12547454833984373
0.07755241394042967
0.16338310241699217
0.2031990051269531
0.2058216094970703
0.23133239746093748
0.15718421936035154
0.1421638488769531
0.1848407745361328
0.19294700622558592
0.2515979766845703
0.20796737670898435
0.15789947509765623
0.14359436035156248
0.2711483001708984
0.25517425537109373
0.12452087402343748
0.17935714721679685
0.21440467834472654
0.1917549133300781
0.20224533081054685
0.10616264343261717

