0.13358078002929685
0.15837631225585935
0.23276290893554685
0.35626373291015623
0.20343742370605467
0.16910514831542967
0.13477287292480467
0.08351287841796873
0.15694580078124998
0.20105323791503904
0.20439109802246092
0.24754486083984373
0.14907798767089842
0.13763389587402342
0.17768821716308592
0.19652328491210935
0.24945220947265623
0.21249732971191404
0.15861473083496092
0.1517005920410156
0.26590309143066404
0.25565109252929685
0.12165985107421873
0.17744979858398435
0.2108283996582031
0.19795379638671873
0.1993843078613281
0.10830841064453123

