0.11689147949218748
0.1612373352050781
0.23610076904296873
0.3481575012207031
0.19914588928222654
0.15837631225585935
0.13381919860839842
0.08351287841796873
0.15575370788574217
0.2012916564941406
0.22751770019531248
0.24301490783691404
0.15456161499023435
0.14550170898437498
0.1772113800048828
0.19008598327636717
0.25302848815917967
0.20820579528808592
0.15313110351562498
0.1486011505126953
0.27043304443359373
0.23133239746093748
0.11569938659667967
0.17983398437499998
0.21202049255371092
0.17101249694824217
0.20057640075683592
0.10330162048339842

