0.11808357238769529
0.1345344543457031
0.21011314392089842
0.3245540618896484
0.20367584228515623
0.16028366088867185
0.13381919860839842
0.08136711120605467
0.15980682373046873
0.20033798217773435
0.22370300292968748
0.2420612335205078
0.15456161499023435
0.14264068603515623
0.16648254394531248
0.19151649475097654
0.2577968597412109
0.2089210510253906
0.1345344543457031
0.14430961608886717
0.2725788116455078
0.22727928161621092
0.1230903625488281
0.17864189147949217
0.21178207397460935
0.12833557128906248
0.16934356689453123
0.10139427185058592

