0.13858757019042967
0.15956840515136717
0.2287097930908203
0.35030326843261717
0.20558319091796873
0.1612373352050781
0.12547454833984373
0.0811286926269531
0.15098533630371092
0.21058998107910154
0.2012916564941406
0.23896179199218748
0.14931640624999998
0.14454803466796873
0.17864189147949217
0.1917549133300781
0.24802169799804685
0.2077289581298828
0.15670738220214842
0.14311752319335935
0.27234039306640623
0.2504058837890625
0.11307678222656248
0.17482719421386717
0.21321258544921873
0.19461593627929685
0.20367584228515623
0.10449371337890623

