0.13048133850097654
0.15503845214843748
0.22823295593261717
0.3419586181640625
0.2012916564941406
0.15766105651855467
0.13167343139648435
0.08351287841796873
0.16171417236328123
0.19223175048828123
0.19914588928222654
0.2451606750488281
0.14645538330078123
0.1421638488769531
0.17625770568847654
0.18913230895996092
0.25255165100097654
0.20343742370605467
0.15789947509765623
0.1466938018798828
0.26852569580078123
0.2558895111083984
0.11379203796386717
0.18364868164062498
0.20987472534179685
0.18889389038085935
0.20176849365234373
0.0982948303222656

