0.1211830139160156
0.16028366088867185
0.2356239318847656
0.3476806640625
0.20820579528808592
0.16028366088867185
0.12642822265624998
0.0830360412597656
0.15074691772460935
0.19962272644042967
0.21941146850585935
0.24659118652343748
0.14907798767089842
0.1497932434082031
0.18436393737792967
0.19652328491210935
0.24945220947265623
0.20868263244628904
0.15289268493652342
0.14883956909179685
0.27806243896484373
0.23204765319824217
0.11450729370117185
0.17864189147949217
0.21130523681640623
0.1905628204345703
0.19723854064941404
0.10473213195800779

