0.13429603576660154
0.15313110351562498
0.20915946960449217
0.34481964111328123
0.20462951660156248
0.15861473083496092
0.12785873413085935
0.0830360412597656
0.15003166198730467
0.20033798217773435
0.22584877014160154
0.24301490783691404
0.14645538330078123
0.13381919860839842
0.18078765869140623
0.19318542480468748
0.2744861602783203
0.20248374938964842
0.15074691772460935
0.14526329040527342
0.26590309143066404
0.25517425537109373
0.11498413085937498
0.1791187286376953
0.21416625976562498
0.19008598327636717
0.2039142608642578
0.09614906311035154

