0.12046775817871092
0.13572654724121092
0.21106681823730467
0.32693824768066404
0.19962272644042967
0.16266784667968748
0.13739547729492185
0.08255920410156248
0.15074691772460935
0.19843063354492185
0.19962272644042967
0.24468383789062498
0.15027008056640623
0.14383277893066404
0.17768821716308592
0.1993843078613281
0.23323974609374998
0.20725212097167967
0.12976608276367185
0.15027008056640623
0.2439685821533203
0.22823295593261717
0.11879882812499998
0.18174133300781248
0.18937072753906248
0.1295276641845703
0.1784034729003906
0.10377845764160154

