0.12738189697265623
0.16028366088867185
0.23085556030273435
0.3462501525878906
0.20749053955078123
0.15837631225585935
0.1295276641845703
0.07969818115234373
0.1524158477783203
0.19890747070312498
0.19771537780761717
0.24563751220703123
0.14836273193359373
0.13429603576660154
0.1791187286376953
0.1886554718017578
0.2821155548095703
0.2096363067626953
0.15408477783203123
0.14812431335449217
0.26089630126953123
0.2539821624755859
0.1135536193847656
0.17482719421386717
0.2115436553955078
0.1917549133300781
0.24754486083984373
0.10044059753417967

