0.11832199096679685
0.13429603576660154
0.2165504455566406
0.3233619689941406
0.20057640075683592
0.15599212646484373
0.13310394287109373
0.07850608825683592
0.15885314941406248
0.19890747070312498
0.21798095703124998
0.24849853515624998
0.15265426635742185
0.14049491882324217
0.17768821716308592
0.19342384338378904
0.23157081604003904
0.21106681823730467
0.1307197570800781
0.1466938018798828
0.2413459777832031
0.22918663024902342
0.11045417785644529
0.18364868164062498
0.20820579528808592
0.1249977111816406
0.16672096252441404
0.09757957458496092

