0.13358078002929685
0.15718421936035154
0.23991546630859373
0.34458122253417967
0.19843063354492185
0.15336952209472654
0.13238868713378904
0.07945976257324217
0.1562305450439453
0.19604644775390623
0.22584877014160154
0.24492225646972654
0.14836273193359373
0.14311752319335935
0.17601928710937498
0.19008598327636717
0.25445899963378904
0.20606002807617185
0.15766105651855467
0.14836273193359373
0.25898895263671873
0.25112113952636717
0.12046775817871092
0.18317184448242185
0.20439109802246092
0.19461593627929685
0.20033798217773435
0.10139427185058592

