0.12905082702636717
0.16624412536621092
0.23395500183105467
0.35054168701171873
0.19795379638671873
0.15718421936035154
0.13238868713378904
0.07755241394042967
0.14764747619628904
0.19413909912109373
0.22346458435058592
0.2508827209472656
0.14836273193359373
0.13477287292480467
0.1784034729003906
0.19604644775390623
0.25898895263671873
0.20915946960449217
0.1600452423095703
0.1459785461425781
0.2661415100097656
0.25493583679199217
0.11569938659667967
0.17411193847656248
0.21511993408203123
0.19270858764648435
0.20296058654785154
0.09757957458496092

