0.11474571228027342
0.15408477783203123
0.23705444335937498
0.3526874542236328
0.20820579528808592
0.15861473083496092
0.12905082702636717
0.08637390136718748
0.1574226379394531
0.19771537780761717
0.23228607177734373
0.24253807067871092
0.1459785461425781
0.13668022155761717
0.17864189147949217
0.19986114501953123
0.25445899963378904
0.20606002807617185
0.15599212646484373
0.14693222045898435
0.2732940673828125
0.2318092346191406
0.11784515380859373
0.19080123901367185
0.21225891113281248
0.17172775268554685
0.1955696105957031
0.10282478332519529

