0.11951408386230467
0.1638599395751953
0.23800811767578123
0.35602531433105467
0.19866905212402342
0.16099891662597654
0.12666664123535154
0.08637390136718748
0.15789947509765623
0.20224533081054685
0.2229877471923828
0.2477832794189453
0.15265426635742185
0.1497932434082031
0.1829334259033203
0.19604644775390623
0.25827369689941404
0.20367584228515623
0.15718421936035154
0.14526329040527342
0.2673336029052734
0.2279945373535156
0.12189826965332029
0.18531761169433592
0.21035156249999998
0.17029724121093748
0.20272216796874998
0.10139427185058592

