0.11975250244140623
0.13930282592773435
0.21511993408203123
0.25684318542480467
0.17363510131835935
0.15909156799316404
0.12809715270996092
0.0811286926269531
0.1562305450439453
0.2012916564941406
0.1962848663330078
0.2592273712158203
0.15122375488281248
0.12046775817871092
0.18150291442871092
0.17411193847656248
0.2337165832519531
0.18650970458984373
0.12833557128906248
0.1497932434082031
0.22704086303710935
0.20439109802246092
0.12165985107421873
0.1612373352050781
0.19127807617187498
0.10234794616699217
0.1772113800048828
0.11498413085937498

