0.1326271057128906
0.1581378936767578
0.23037872314453123
0.34458122253417967
0.20224533081054685
0.15527687072753904
0.1276203155517578
0.08160552978515623
0.15599212646484373
0.19866905212402342
0.21869621276855467
0.24229965209960935
0.1466938018798828
0.14168701171874998
0.18126449584960935
0.1936622619628906
0.25517425537109373
0.2070137023925781
0.1562305450439453
0.1459785461425781
0.2654262542724609
0.25493583679199217
0.11474571228027342
0.17816505432128904
0.21058998107910154
0.19914588928222654
0.2039142608642578
0.10473213195800779

