0.12022933959960935
0.13191184997558592
0.20820579528808592
0.2961822509765625
0.17673454284667967
0.1612373352050781
0.12785873413085935
0.08446655273437498
0.15193901062011717
0.19485435485839842
0.20176849365234373
0.25684318542480467
0.14931640624999998
0.14502487182617185
0.17864189147949217
0.17363510131835935
0.2318092346191406
0.21011314392089842
0.1326271057128906
0.1447864532470703
0.24444541931152342
0.22942504882812498
0.11903724670410154
0.1829334259033203
0.19485435485839842
0.1295276641845703
0.1791187286376953
0.10115585327148435

