0.1364418029785156
0.15837631225585935
0.2318092346191406
0.3622241973876953
0.20224533081054685
0.15718421936035154
0.12523612976074217
0.07969818115234373
0.15074691772460935
0.19723854064941404
0.22441825866699217
0.2432533264160156
0.1543231964111328
0.13977966308593748
0.17601928710937498
0.1962848663330078
0.25517425537109373
0.21941146850585935
0.15027008056640623
0.15146217346191404
0.2649494171142578
0.25565109252929685
0.1154609680175781
0.17244300842285154
0.2146430969238281
0.1905628204345703
0.1981922149658203
0.09710273742675779

