0.11617622375488279
0.1631446838378906
0.2306171417236328
0.3584095001220703
0.20653686523437498
0.16457519531249998
0.1345344543457031
0.09328804016113279
0.15885314941406248
0.2031990051269531
0.22441825866699217
0.24682960510253904
0.15027008056640623
0.13858757019042967
0.18197975158691404
0.1936622619628906
0.25255165100097654
0.21488151550292967
0.15956840515136717
0.14335594177246092
0.26828727722167967
0.23776969909667967
0.11450729370117185
0.17744979858398435
0.21488151550292967
0.1714893341064453
0.2000995635986328
0.09805641174316404

