0.1154609680175781
0.16433677673339842
0.2279945373535156
0.34481964111328123
0.20272216796874998
0.15909156799316404
0.12738189697265623
0.07707557678222654
0.15193901062011717
0.2012916564941406
0.2299018859863281
0.24373016357421873
0.14764747619628904
0.14001808166503904
0.1822181701660156
0.19676170349121092
0.25064430236816404
0.20367584228515623
0.15766105651855467
0.14526329040527342
0.2680488586425781
0.2203651428222656
0.11426887512207029
0.18054924011230467
0.21511993408203123
0.1764961242675781
0.2000995635986328
0.10044059753417967

