0.1352497100830078
0.15694580078124998
0.23014030456542967
0.3488727569580078
0.20057640075683592
0.1612373352050781
0.12595138549804685
0.08398971557617185
0.16409835815429685
0.19390068054199217
0.22012672424316404
0.2477832794189453
0.1478858947753906
0.14264068603515623
0.17816505432128904
0.19127807617187498
0.24849853515624998
0.20939788818359373
0.1517005920410156
0.14383277893066404
0.2654262542724609
0.22775611877441404
0.11236152648925779
0.1791187286376953
0.2146430969238281
0.19676170349121092
0.19890747070312498
0.10377845764160154

