0.1230903625488281
0.13501129150390623
0.21607360839843748
0.2973743438720703
0.21249732971191404
0.16529045104980467
0.13024291992187498
0.08041343688964842
0.1536079406738281
0.20272216796874998
0.19700012207031248
0.2508827209472656
0.15146217346191404
0.14574012756347654
0.17673454284667967
0.17387351989746092
0.2306171417236328
0.21130523681640623
0.13215026855468748
0.15694580078124998
0.2432533264160156
0.23514709472656248
0.11522254943847654
0.23490867614746092
0.19199333190917967
0.12905082702636717
0.17506561279296873
0.10139427185058592

