0.1345344543457031
0.16290626525878904
0.23800811767578123
0.3507801055908203
0.2000995635986328
0.16052207946777342
0.12738189697265623
0.0849433898925781
0.1497932434082031
0.2020069122314453
0.22561035156249998
0.2508827209472656
0.15122375488281248
0.14574012756347654
0.18436393737792967
0.1943775177001953
0.2577968597412109
0.20725212097167967
0.15861473083496092
0.1428791046142578
0.2706714630126953
0.28378448486328123
0.1154609680175781
0.17601928710937498
0.2096363067626953
0.19032440185546873
0.20653686523437498
0.10854682922363279

