0.13477287292480467
0.1524158477783203
0.22751770019531248
0.3495880126953125
0.20057640075683592
0.16457519531249998
0.1345344543457031
0.0830360412597656
0.1517005920410156
0.2031990051269531
0.2012916564941406
0.24373016357421873
0.14883956909179685
0.15098533630371092
0.17816505432128904
0.19604644775390623
0.26089630126953123
0.2146430969238281
0.16648254394531248
0.14693222045898435
0.2668567657470703
0.25493583679199217
0.11665306091308592
0.18150291442871092
0.2153583526611328
0.19270858764648435
0.2020069122314453
0.10449371337890623

