0.12833557128906248
0.15837631225585935
0.24420700073242185
0.34911117553710935
0.19986114501953123
0.16266784667968748
0.1269050598144531
0.07802925109863279
0.15837631225585935
0.19485435485839842
0.2229877471923828
0.24754486083984373
0.14907798767089842
0.1390644073486328
0.17697296142578123
0.1905628204345703
0.2539821624755859
0.21416625976562498
0.15837631225585935
0.1447864532470703
0.27400932312011717
0.2496906280517578
0.11331520080566404
0.17482719421386717
0.20462951660156248
0.1886554718017578
0.1993843078613281
0.09543380737304685

