0.11808357238769529
0.15766105651855467
0.23157081604003904
0.3436275482177734
0.20081481933593748
0.16338310241699217
0.13048133850097654
0.07945976257324217
0.15217742919921873
0.19914588928222654
0.22584877014160154
0.24039230346679685
0.14836273193359373
0.1428791046142578
0.17744979858398435
0.1879402160644531
0.2561279296875
0.20367584228515623
0.1543231964111328
0.14955482482910154
0.26637992858886717
0.2561279296875
0.11379203796386717
0.1772113800048828
0.2127357482910156
0.1886554718017578
0.20486793518066404
0.10282478332519529

