0.11951408386230467
0.1669593811035156
0.2337165832519531
0.34982643127441404
0.19914588928222654
0.15766105651855467
0.13167343139648435
0.07802925109863279
0.15122375488281248
0.20367584228515623
0.22251091003417967
0.25112113952636717
0.15027008056640623
0.14335594177246092
0.1791187286376953
0.19413909912109373
0.2546974182128906
0.20844421386718748
0.15336952209472654
0.15265426635742185
0.26781044006347654
0.23705444335937498
0.11331520080566404
0.18150291442871092
0.2165504455566406
0.17220458984374998
0.20486793518066404
0.10377845764160154

