0.13191184997558592
0.16028366088867185
0.20653686523437498
0.34720382690429685
0.19676170349121092
0.1650520324707031
0.12809715270996092
0.08446655273437498
0.1543231964111328
0.19342384338378904
0.22394142150878904
0.24158439636230467
0.14693222045898435
0.13668022155761717
0.1726814270019531
0.19604644775390623
0.2527900695800781
0.20725212097167967
0.15456161499023435
0.1428791046142578
0.26828727722167967
0.25684318542480467
0.13310394287109373
0.1764961242675781
0.21130523681640623
0.19080123901367185
0.2535053253173828
0.1021095275878906

