0.13119659423828123
0.15146217346191404
0.23276290893554685
0.3531642913818359
0.21225891113281248
0.16338310241699217
0.12833557128906248
0.08065185546874998
0.15313110351562498
0.1974769592285156
0.22632560729980467
0.2413459777832031
0.15122375488281248
0.14311752319335935
0.1803108215332031
0.19080123901367185
0.25708160400390623
0.20486793518066404
0.14764747619628904
0.14645538330078123
0.27281723022460935
0.25684318542480467
0.12165985107421873
0.18174133300781248
0.21416625976562498
0.18388710021972654
0.2051063537597656
0.10139427185058592

