0.11879882812499998
0.15766105651855467
0.23133239746093748
0.34481964111328123
0.2031990051269531
0.1631446838378906
0.12857398986816404
0.08446655273437498
0.15003166198730467
0.20033798217773435
0.22727928161621092
0.24659118652343748
0.1478858947753906
0.1440711975097656
0.17578086853027342
0.19700012207031248
0.2577968597412109
0.20677528381347654
0.15003166198730467
0.1459785461425781
0.2730556488037109
0.23323974609374998
0.11617622375488279
0.17864189147949217
0.20868263244628904
0.17053565979003904
0.19604644775390623
0.10497055053710935

