0.1173683166503906
0.13000450134277342
0.21035156249999998
0.27734718322753904
0.18317184448242185
0.1600452423095703
0.12928924560546873
0.09209594726562498
0.15956840515136717
0.20176849365234373
0.20176849365234373
0.2527900695800781
0.14621696472167967
0.14240226745605467
0.17792663574218748
0.17554244995117185
0.23776969909667967
0.20987472534179685
0.12928924560546873
0.15074691772460935
0.24826011657714842
0.2020069122314453
0.11450729370117185
0.17482719421386717
0.18054924011230467
0.12380561828613279
0.18388710021972654
0.1021095275878906

