0.13405761718749998
0.16028366088867185
0.23085556030273435
0.34791908264160154
0.19843063354492185
0.15956840515136717
0.12714347839355467
0.08255920410156248
0.14955482482910154
0.19700012207031248
0.22727928161621092
0.2577968597412109
0.15217742919921873
0.14144859313964842
0.17482719421386717
0.2000995635986328
0.2496906280517578
0.2039142608642578
0.1543231964111328
0.1478858947753906
0.2694793701171875
0.2566047668457031
0.18126449584960935
0.1764961242675781
0.20415267944335935
0.19795379638671873
0.19986114501953123
0.09948692321777342

