0.1173683166503906
0.15861473083496092
0.23276290893554685
0.3481575012207031
0.19700012207031248
0.16147575378417967
0.12833557128906248
0.08136711120605467
0.15074691772460935
0.20439109802246092
0.22918663024902342
0.2508827209472656
0.15027008056640623
0.1421638488769531
0.17625770568847654
0.19771537780761717
0.25183639526367185
0.20939788818359373
0.1307197570800781
0.14621696472167967
0.28235397338867185
0.23204765319824217
0.1173683166503906
0.1753040313720703
0.21488151550292967
0.12475929260253904
0.17387351989746092
0.1059242248535156

