0.11665306091308592
0.1593299865722656
0.23490867614746092
0.35483322143554685
0.19866905212402342
0.15909156799316404
0.12714347839355467
0.08351287841796873
0.15384635925292967
0.1981922149658203
0.22894821166992185
0.24086914062499998
0.14931640624999998
0.13501129150390623
0.18126449584960935
0.19533119201660154
0.2573200225830078
0.2089210510253906
0.15885314941406248
0.1497932434082031
0.27043304443359373
0.22704086303710935
0.11522254943847654
0.17697296142578123
0.21249732971191404
0.16815147399902342
0.1943775177001953
0.10187110900878904

