0.11379203796386717
0.15789947509765623
0.23395500183105467
0.34791908264160154
0.20033798217773435
0.15909156799316404
0.1333423614501953
0.08446655273437498
0.15408477783203123
0.19890747070312498
0.2241798400878906
0.24992904663085935
0.15718421936035154
0.13954124450683592
0.1772113800048828
0.1974769592285156
0.25708160400390623
0.21321258544921873
0.1505084991455078
0.1486011505126953
0.2642341613769531
0.23157081604003904
0.11474571228027342
0.1822181701660156
0.2058216094970703
0.16672096252441404
0.19986114501953123
0.1040168762207031

