0.1154609680175781
0.15861473083496092
0.2058216094970703
0.3188320159912109
0.1974769592285156
0.18197975158691404
0.12785873413085935
0.0849433898925781
0.1524158477783203
0.19652328491210935
0.22441825866699217
0.24086914062499998
0.15027008056640623
0.14049491882324217
0.17768821716308592
0.19270858764648435
0.26375732421875
0.2077289581298828
0.13215026855468748
0.1486011505126953
0.2470680236816406
0.23228607177734373
0.11712989807128904
0.18197975158691404
0.2165504455566406
0.1249977111816406
0.17196617126464842
0.10306320190429685

