0.1314350128173828
0.1619525909423828
0.22775611877441404
0.35817108154296873
0.19795379638671873
0.16147575378417967
0.13167343139648435
0.07779083251953123
0.14931640624999998
0.19962272644042967
0.20105323791503904
0.25636634826660154
0.14812431335449217
0.13954124450683592
0.1784034729003906
0.19199333190917967
0.25517425537109373
0.20677528381347654
0.15480003356933592
0.1478858947753906
0.26471099853515623
0.25755844116210935
0.11903724670410154
0.17601928710937498
0.21392784118652342
0.19080123901367185
0.23395500183105467
0.09948692321777342

