0.1314350128173828
0.15527687072753904
0.22847137451171873
0.34982643127441404
0.19771537780761717
0.15694580078124998
0.1524158477783203
0.07850608825683592
0.15646896362304685
0.19962272644042967
0.21869621276855467
0.24730644226074217
0.1517005920410156
0.1390644073486328
0.18531761169433592
0.19914588928222654
0.2585121154785156
0.2134510040283203
0.15313110351562498
0.1466938018798828
0.26852569580078123
0.25684318542480467
0.11617622375488279
0.1810260772705078
0.20629844665527342
0.19270858764648435
0.19890747070312498
0.1059242248535156

