0.12547454833984373
0.14383277893066404
0.23681602478027342
0.35244903564453123
0.2031990051269531
0.15694580078124998
0.13358078002929685
0.08565864562988279
0.15527687072753904
0.20176849365234373
0.22584877014160154
0.2527900695800781
0.15313110351562498
0.14383277893066404
0.18126449584960935
0.19080123901367185
0.25898895263671873
0.20820579528808592
0.15837631225585935
0.14574012756347654
0.26471099853515623
0.22656402587890623
0.11188468933105467
0.17601928710937498
0.21368942260742185
0.14717063903808592
0.17506561279296873
0.10067901611328123

