0.11259994506835935
0.13405761718749998
0.2108283996582031
0.29522857666015623
0.20176849365234373
0.15766105651855467
0.14001808166503904
0.08613548278808592
0.15599212646484373
0.19843063354492185
0.20677528381347654
0.25302848815917967
0.15646896362304685
0.13858757019042967
0.18197975158691404
0.16982040405273435
0.23037872314453123
0.2077289581298828
0.12905082702636717
0.15265426635742185
0.2439685821533203
0.20987472534179685
0.11712989807128904
0.18054924011230467
0.18174133300781248
0.10306320190429685
0.1707740783691406
0.10234794616699217

