0.11784515380859373
0.16076049804687498
0.23705444335937498
0.3431507110595703
0.20415267944335935
0.15694580078124998
0.12976608276367185
0.08327445983886717
0.15837631225585935
0.20272216796874998
0.23085556030273435
0.24659118652343748
0.1593299865722656
0.1402565002441406
0.17959556579589842
0.19700012207031248
0.2535053253173828
0.20939788818359373
0.15074691772460935
0.13620338439941404
0.2687641143798828
0.23133239746093748
0.12094459533691404
0.18174133300781248
0.2108283996582031
0.19318542480468748
0.19390068054199217
0.10544738769531248

