0.12142143249511717
0.16862831115722654
0.23657760620117185
0.34410438537597654
0.19986114501953123
0.15646896362304685
0.13381919860839842
0.10854682922363279
0.1524158477783203
0.19700012207031248
0.2306171417236328
0.2504058837890625
0.15408477783203123
0.1486011505126953
0.1753040313720703
0.19151649475097654
0.25255165100097654
0.21202049255371092
0.15146217346191404
0.14931640624999998
0.2959438323974609
0.22561035156249998
0.11236152648925779
0.18245658874511717
0.21297416687011717
0.17435035705566404
0.2012916564941406
0.10544738769531248

