0.11188468933105467
0.12213668823242185
0.22274932861328123
0.34219703674316404
0.18531761169433592
0.14883956909179685
0.12046775817871092
0.08136711120605467
0.14001808166503904
0.1886554718017578
0.21368942260742185
0.23920021057128904
0.1364418029785156
0.1447864532470703
0.17792663574218748
0.19413909912109373
0.25112113952636717
0.20987472534179685
0.12809715270996092
0.14049491882324217
0.2649494171142578
0.22465667724609373
0.11569938659667967
0.1753040313720703
0.2089210510253906
0.12428245544433592
0.17220458984374998
0.09948692321777342

