0.1288124084472656
0.1581378936767578
0.22966346740722654
0.35411796569824217
0.20057640075683592
0.16219100952148435
0.13167343139648435
0.07874450683593748
0.15265426635742185
0.19604644775390623
0.22060356140136717
0.24039230346679685
0.14907798767089842
0.1409717559814453
0.17744979858398435
0.18817863464355467
0.2546974182128906
0.20224533081054685
0.15384635925292967
0.14907798767089842
0.26590309143066404
0.2268024444580078
0.11593780517578123
0.20248374938964842
0.21106681823730467
0.19390068054199217
0.19914588928222654
0.09901008605957029

