0.11999092102050779
0.16219100952148435
0.22942504882812498
0.34791908264160154
0.20439109802246092
0.16171417236328123
0.13119659423828123
0.08351287841796873
0.14883956909179685
0.1981922149658203
0.22179565429687498
0.2458759307861328
0.14907798767089842
0.1421638488769531
0.18245658874511717
0.1962848663330078
0.2554126739501953
0.21130523681640623
0.15384635925292967
0.14740905761718748
0.2680488586425781
0.2337165832519531
0.11856040954589842
0.18245658874511717
0.20915946960449217
0.21631202697753904
0.19843063354492185
0.1021095275878906

