0.1409717559814453
0.1619525909423828
0.22966346740722654
0.3469654083251953
0.20367584228515623
0.1619525909423828
0.13095817565917967
0.08589706420898435
0.15384635925292967
0.19676170349121092
0.20176849365234373
0.24682960510253904
0.15408477783203123
0.14383277893066404
0.18126449584960935
0.19103965759277342
0.2542205810546875
0.2191730499267578
0.15766105651855467
0.15027008056640623
0.3297992706298828
0.26208839416503904
0.11307678222656248
0.18197975158691404
0.2146430969238281
0.19103965759277342
0.20534477233886717
0.1002021789550781

