0.12738189697265623
0.15909156799316404
0.22465667724609373
0.34458122253417967
0.2020069122314453
0.16529045104980467
0.13167343139648435
0.08661231994628904
0.15527687072753904
0.20033798217773435
0.20057640075683592
0.2458759307861328
0.1543231964111328
0.13930282592773435
0.17816505432128904
0.18817863464355467
0.28235397338867185
0.20820579528808592
0.15980682373046873
0.1428791046142578
0.26781044006347654
0.2597042083740234
0.11379203796386717
0.17959556579589842
0.20868263244628904
0.19509277343749998
0.2306171417236328
0.10354003906249998

