0.12928924560546873
0.16457519531249998
0.23157081604003904
0.3495880126953125
0.20272216796874998
0.1631446838378906
0.13572654724121092
0.08613548278808592
0.15217742919921873
0.19771537780761717
0.23157081604003904
0.24444541931152342
0.15646896362304685
0.1428791046142578
0.17959556579589842
0.19318542480468748
0.25326690673828123
0.20915946960449217
0.16099891662597654
0.14907798767089842
0.2680488586425781
0.23204765319824217
0.11975250244140623
0.18388710021972654
0.21702728271484373
0.1466938018798828
0.1714893341064453
0.09686431884765623

