0.13381919860839842
0.16171417236328123
0.23204765319824217
0.35101852416992185
0.21702728271484373
0.16290626525878904
0.13286552429199217
0.08184394836425779
0.15074691772460935
0.1981922149658203
0.2248950958251953
0.24349174499511717
0.1486011505126953
0.1447864532470703
0.18627128601074217
0.1936622619628906
0.25684318542480467
0.21035156249999998
0.1543231964111328
0.15456161499023435
0.2661415100097656
0.25565109252929685
0.1097389221191406
0.18317184448242185
0.21178207397460935
0.19080123901367185
0.2031990051269531
0.10234794616699217

