0.11975250244140623
0.1581378936767578
0.23467025756835935
0.3462501525878906
0.1993843078613281
0.15766105651855467
0.13405761718749998
0.08160552978515623
0.15289268493652342
0.2000995635986328
0.22537193298339842
0.24682960510253904
0.1524158477783203
0.16242942810058592
0.17601928710937498
0.19080123901367185
0.2520748138427734
0.2051063537597656
0.16028366088867185
0.1536079406738281
0.26661834716796873
0.22942504882812498
0.11379203796386717
0.18197975158691404
0.21130523681640623
0.17625770568847654
0.1981922149658203
0.10139427185058592

