0.11784515380859373
0.1574226379394531
0.23610076904296873
0.3481575012207031
0.1962848663330078
0.16171417236328123
0.13501129150390623
0.08208236694335935
0.15980682373046873
0.19676170349121092
0.22179565429687498
0.24349174499511717
0.1505084991455078
0.1440711975097656
0.18150291442871092
0.18937072753906248
0.2554126739501953
0.20534477233886717
0.15503845214843748
0.14955482482910154
0.26709518432617185
0.22775611877441404
0.11450729370117185
0.17888031005859373
0.21440467834472654
0.16457519531249998
0.19986114501953123
0.2866455078125

