0.13048133850097654
0.1517005920410156
0.22727928161621092
0.3457733154296875
0.19795379638671873
0.15694580078124998
0.12547454833984373
0.07874450683593748
0.14931640624999998
0.20057640075683592
0.2184577941894531
0.3150173187255859
0.1459785461425781
0.1371570587158203
0.17792663574218748
0.1936622619628906
0.25255165100097654
0.20844421386718748
0.15527687072753904
0.14764747619628904
0.2673336029052734
0.25493583679199217
0.11283836364746092
0.17983398437499998
0.20915946960449217
0.19199333190917967
0.1955696105957031
0.09996376037597654

