0.12785873413085935
0.16338310241699217
0.22823295593261717
0.3455348968505859
0.19795379638671873
0.1574226379394531
0.13501129150390623
0.07945976257324217
0.14955482482910154
0.19652328491210935
0.22274932861328123
0.24659118652343748
0.1466938018798828
0.13405761718749998
0.1733966827392578
0.19533119201660154
0.25636634826660154
0.20796737670898435
0.15265426635742185
0.1459785461425781
0.26661834716796873
0.25898895263671873
0.11569938659667967
0.1791187286376953
0.20939788818359373
0.19580802917480467
0.25493583679199217
0.10306320190429685

