0.11903724670410154
0.1574226379394531
0.23157081604003904
0.3450580596923828
0.20224533081054685
0.15956840515136717
0.13191184997558592
0.08017501831054685
0.15193901062011717
0.19890747070312498
0.2299018859863281
0.24849853515624998
0.15289268493652342
0.1447864532470703
0.17983398437499998
0.19485435485839842
0.2546974182128906
0.2096363067626953
0.15408477783203123
0.14645538330078123
0.2711483001708984
0.2287097930908203
0.11116943359374998
0.18054924011230467
0.21392784118652342
0.17363510131835935
0.19914588928222654
0.10067901611328123

