0.13501129150390623
0.15599212646484373
0.2279945373535156
0.35411796569824217
0.19890747070312498
0.15217742919921873
0.1257129669189453
0.08446655273437498
0.1581378936767578
0.20057640075683592
0.2241798400878906
0.2496906280517578
0.14621696472167967
0.14001808166503904
0.1791187286376953
0.19580802917480467
0.25445899963378904
0.20558319091796873
0.1536079406738281
0.14335594177246092
0.26637992858886717
0.2585121154785156
0.11474571228027342
0.18245658874511717
0.21011314392089842
0.1886554718017578
0.2000995635986328
0.10497055053710935

