0.11999092102050779
0.15837631225585935
0.2299018859863281
0.3474422454833984
0.2012916564941406
0.16076049804687498
0.12452087402343748
0.08542022705078123
0.15527687072753904
0.19700012207031248
0.22012672424316404
0.24682960510253904
0.14550170898437498
0.1421638488769531
0.18126449584960935
0.19008598327636717
0.2501674652099609
0.21130523681640623
0.1619525909423828
0.14574012756347654
0.26828727722167967
0.25302848815917967
0.11617622375488279
0.18174133300781248
0.21368942260742185
0.1695819854736328
0.1905628204345703
0.10449371337890623

