0.11569938659667967
0.16028366088867185
0.2344318389892578
0.3469654083251953
0.1974769592285156
0.16624412536621092
0.12976608276367185
0.07779083251953123
0.1517005920410156
0.19866905212402342
0.22656402587890623
0.24730644226074217
0.1517005920410156
0.13858757019042967
0.18150291442871092
0.1962848663330078
0.25326690673828123
0.20796737670898435
0.16409835815429685
0.14383277893066404
0.2654262542724609
0.29141387939453123
0.11093101501464842
0.17554244995117185
0.20629844665527342
0.16910514831542967
0.19676170349121092
0.10115585327148435

