0.13215026855468748
0.15670738220214842
0.23490867614746092
0.34601173400878904
0.19843063354492185
0.16076049804687498
0.12928924560546873
0.07826766967773435
0.15003166198730467
0.19390068054199217
0.1962848663330078
0.24182281494140623
0.1612373352050781
0.14049491882324217
0.18197975158691404
0.19199333190917967
0.25183639526367185
0.20868263244628904
0.15456161499023435
0.14359436035156248
0.2630420684814453
0.2496906280517578
0.1173683166503906
0.1753040313720703
0.2325244903564453
0.1905628204345703
0.20057640075683592
0.10044059753417967

