0.12332878112792967
0.1364418029785156
0.20153007507324217
0.2783008575439453
0.18317184448242185
0.16457519531249998
0.13811073303222654
0.08279762268066404
0.15599212646484373
0.2031990051269531
0.20677528381347654
0.25112113952636717
0.15193901062011717
0.1192756652832031
0.18317184448242185
0.17387351989746092
0.23514709472656248
0.2191730499267578
0.13286552429199217
0.1459785461425781
0.22942504882812498
0.20915946960449217
0.11593780517578123
0.20725212097167967
0.19413909912109373
0.09996376037597654
0.17983398437499998
0.10854682922363279

