0.13238868713378904
0.15480003356933592
0.23109397888183592
0.34338912963867185
0.2039142608642578
0.15456161499023435
0.12475929260253904
0.08208236694335935
0.15027008056640623
0.19580802917480467
0.2012916564941406
0.24468383789062498
0.1497932434082031
0.14931640624999998
0.18197975158691404
0.19533119201660154
0.25708160400390623
0.21202049255371092
0.15789947509765623
0.14955482482910154
0.2699562072753906
0.25445899963378904
0.11784515380859373
0.17673454284667967
0.2058216094970703
0.19413909912109373
0.25684318542480467
0.10640106201171873

