0.13286552429199217
0.15980682373046873
0.23157081604003904
0.343865966796875
0.19890747070312498
0.1562305450439453
0.12976608276367185
0.07850608825683592
0.15527687072753904
0.19962272644042967
0.22751770019531248
0.24492225646972654
0.14645538330078123
0.13930282592773435
0.18245658874511717
0.19771537780761717
0.2520748138427734
0.20915946960449217
0.1543231964111328
0.14931640624999998
0.2699562072753906
0.2580352783203125
0.11569938659667967
0.17935714721679685
0.20987472534179685
0.18913230895996092
0.2020069122314453
0.10139427185058592

