0.13238868713378904
0.1612373352050781
0.24063072204589842
0.34839591979980467
0.20105323791503904
0.16457519531249998
0.13024291992187498
0.07874450683593748
0.15146217346191404
0.2039142608642578
0.22727928161621092
0.24849853515624998
0.15408477783203123
0.13811073303222654
0.18364868164062498
0.19676170349121092
0.25493583679199217
0.20677528381347654
0.12928924560546873
0.14955482482910154
0.2718635559082031
0.2496906280517578
0.11522254943847654
0.18341026306152342
0.21559677124023435
0.15384635925292967
0.17935714721679685
0.10878524780273435

