0.11879882812499998
0.1562305450439453
0.22918663024902342
0.34529647827148435
0.20081481933593748
0.1638599395751953
0.12475929260253904
0.08589706420898435
0.14836273193359373
0.20224533081054685
0.22251091003417967
0.2539821624755859
0.14812431335449217
0.14168701171874998
0.17363510131835935
0.19151649475097654
0.24921379089355467
0.20868263244628904
0.15527687072753904
0.14931640624999998
0.2732940673828125
0.2585121154785156
0.11212310791015623
0.17387351989746092
0.21011314392089842
0.16791305541992185
0.20081481933593748
0.09781799316406248

