0.11665306091308592
0.1612373352050781
0.23157081604003904
0.3457733154296875
0.20248374938964842
0.16099891662597654
0.1269050598144531
0.0830360412597656
0.15313110351562498
0.20224533081054685
0.22155723571777342
0.24563751220703123
0.15217742919921873
0.1352497100830078
0.17768821716308592
0.1917549133300781
0.25445899963378904
0.20224533081054685
0.15503845214843748
0.14359436035156248
0.26256523132324217
0.24468383789062498
0.11236152648925779
0.1764961242675781
0.2108283996582031
0.19270858764648435
0.20081481933593748
0.10234794616699217

