0.11569938659667967
0.1688667297363281
0.23848495483398435
0.37009201049804685
0.25755844116210935
0.16028366088867185
0.13095817565917967
0.08017501831054685
0.15503845214843748
0.20105323791503904
0.22632560729980467
0.24659118652343748
0.14502487182617185
0.14311752319335935
0.18126449584960935
0.1955696105957031
0.25708160400390623
0.2058216094970703
0.15646896362304685
0.1459785461425781
0.26447257995605467
0.2535053253173828
0.11140785217285154
0.1791187286376953
0.21821937561035154
0.17244300842285154
0.2000995635986328
0.10306320190429685

