0.11975250244140623
0.16099891662597654
0.23395500183105467
0.3474422454833984
0.20224533081054685
0.1574226379394531
0.1276203155517578
0.07850608825683592
0.1497932434082031
0.19652328491210935
0.23467025756835935
0.24229965209960935
0.1555152893066406
0.1402565002441406
0.1803108215332031
0.18937072753906248
0.25183639526367185
0.20939788818359373
0.15074691772460935
0.15122375488281248
0.2706714630126953
0.2542205810546875
0.11975250244140623
0.18007240295410154
0.21440467834472654
0.19080123901367185
0.20534477233886717
0.09805641174316404

