0.11474571228027342
0.15766105651855467
0.2306171417236328
0.3507801055908203
0.19986114501953123
0.15503845214843748
0.13381919860839842
0.08470497131347654
0.15146217346191404
0.20248374938964842
0.21798095703124998
0.2520748138427734
0.15193901062011717
0.1390644073486328
0.21106681823730467
0.19390068054199217
0.25636634826660154
0.21368942260742185
0.15861473083496092
0.14740905761718748
0.27543983459472654
0.23419342041015623
0.11975250244140623
0.17792663574218748
0.2127357482910156
0.1745887756347656
0.20105323791503904
0.1078315734863281

