0.11641464233398435
0.12905082702636717
0.23133239746093748
0.3531642913818359
0.1962848663330078
0.15599212646484373
0.12404403686523435
0.08422813415527342
0.15718421936035154
0.19795379638671873
0.22179565429687498
0.24349174499511717
0.14526329040527342
0.17816505432128904
0.18150291442871092
0.18817863464355467
0.25302848815917967
0.20415267944335935
0.1288124084472656
0.1421638488769531
0.24682960510253904
0.22823295593261717
0.11426887512207029
0.1822181701660156
0.20725212097167967
0.12428245544433592
0.1726814270019531
0.09901008605957029

