0.13691864013671873
0.15718421936035154
0.23276290893554685
0.34648857116699217
0.20367584228515623
0.15766105651855467
0.1314350128173828
0.08708915710449217
0.15003166198730467
0.19461593627929685
0.2260871887207031
0.2413459777832031
0.15217742919921873
0.14526329040527342
0.1791187286376953
0.1993843078613281
0.25755844116210935
0.21440467834472654
0.15003166198730467
0.1459785461425781
0.26971778869628904
0.25326690673828123
0.11069259643554685
0.1822181701660156
0.21225891113281248
0.18841705322265623
0.2031990051269531
0.10306320190429685

