0.1288124084472656
0.1562305450439453
0.2420612335205078
0.34338912963867185
0.20415267944335935
0.16099891662597654
0.12905082702636717
0.08732757568359373
0.1574226379394531
0.19866905212402342
0.2248950958251953
0.24349174499511717
0.15074691772460935
0.13977966308593748
0.17625770568847654
0.1905628204345703
0.2496906280517578
0.2039142608642578
0.15456161499023435
0.14740905761718748
0.27090988159179685
0.2535053253173828
0.11832199096679685
0.21440467834472654
0.2115436553955078
0.18937072753906248
0.20343742370605467
0.09972534179687498

