0.1295276641845703
0.15909156799316404
0.22847137451171873
0.34839591979980467
0.20296058654785154
0.15980682373046873
0.12666664123535154
0.0792213439941406
0.1543231964111328
0.19580802917480467
0.22561035156249998
0.24086914062499998
0.15027008056640623
0.14311752319335935
0.1753040313720703
0.18531761169433592
0.2573200225830078
0.20844421386718748
0.15480003356933592
0.14717063903808592
0.2763935089111328
0.2561279296875
0.1345344543457031
0.18627128601074217
0.21106681823730467
0.18817863464355467
0.20653686523437498
0.10139427185058592

