0.13048133850097654
0.1581378936767578
0.2287097930908203
0.34601173400878904
0.1981922149658203
0.16338310241699217
0.12809715270996092
0.07945976257324217
0.15384635925292967
0.20224533081054685
0.22203407287597654
0.2432533264160156
0.15289268493652342
0.14335594177246092
0.17673454284667967
0.19127807617187498
0.27734718322753904
0.2058216094970703
0.14740905761718748
0.14907798767089842
0.2680488586425781
0.2604194641113281
0.11045417785644529
0.17387351989746092
0.21368942260742185
0.19676170349121092
0.1962848663330078
0.0982948303222656

