0.11569938659667967
0.1555152893066406
0.22847137451171873
0.34481964111328123
0.2077289581298828
0.15980682373046873
0.12976608276367185
0.07492980957031248
0.1555152893066406
0.20057640075683592
0.22441825866699217
0.3381439208984375
0.1505084991455078
0.14311752319335935
0.17935714721679685
0.19199333190917967
0.2520748138427734
0.21106681823730467
0.15599212646484373
0.14550170898437498
0.27591667175292967
0.22918663024902342
0.11021575927734373
0.18388710021972654
0.22513351440429685
0.15193901062011717
0.1707740783691406
0.09924850463867185

