0.13501129150390623
0.16219100952148435
0.23419342041015623
0.3534027099609375
0.20176849365234373
0.16457519531249998
0.13095817565917967
0.0830360412597656
0.15289268493652342
0.19700012207031248
0.2279945373535156
0.24826011657714842
0.1536079406738281
0.1409717559814453
0.17220458984374998
0.18913230895996092
0.25636634826660154
0.20653686523437498
0.15480003356933592
0.15098533630371092
0.27090988159179685
0.2520748138427734
0.11140785217285154
0.1772113800048828
0.21678886413574217
0.1905628204345703
0.19652328491210935
0.10115585327148435

