0.13358078002929685
0.1593299865722656
0.23848495483398435
0.3488727569580078
0.20367584228515623
0.15646896362304685
0.12785873413085935
0.09138069152832029
0.15336952209472654
0.19604644775390623
0.22346458435058592
0.25112113952636717
0.15289268493652342
0.1402565002441406
0.1791187286376953
0.20105323791503904
0.25517425537109373
0.20796737670898435
0.15837631225585935
0.14883956909179685
0.26590309143066404
0.2520748138427734
0.11951408386230467
0.17959556579589842
0.2165504455566406
0.19008598327636717
0.20462951660156248
0.10354003906249998

