0.13381919860839842
0.15766105651855467
0.22966346740722654
0.35030326843261717
0.19843063354492185
0.15384635925292967
0.12666664123535154
0.07993659973144529
0.1543231964111328
0.19413909912109373
0.2923675537109375
0.2439685821533203
0.15003166198730467
0.14526329040527342
0.17506561279296873
0.1905628204345703
0.2515979766845703
0.2012916564941406
0.15694580078124998
0.14311752319335935
0.26256523132324217
0.25255165100097654
0.11474571228027342
0.1803108215332031
0.2096363067626953
0.18770179748535154
0.19771537780761717
0.10497055053710935

