0.11188468933105467
0.16219100952148435
0.2070137023925781
0.3228851318359375
0.19795379638671873
0.15408477783203123
0.13238868713378904
0.07898292541503904
0.15098533630371092
0.19461593627929685
0.20033798217773435
0.2470680236816406
0.15074691772460935
0.13501129150390623
0.1791187286376953
0.19676170349121092
0.25755844116210935
0.21106681823730467
0.13739547729492185
0.1402565002441406
0.2451606750488281
0.22584877014160154
0.12022933959960935
0.17816505432128904
0.1905628204345703
0.12976608276367185
0.1733966827392578
0.1059242248535156

