0.13095817565917967
0.14526329040527342
0.23323974609374998
0.351495361328125
0.2077289581298828
0.1600452423095703
0.13215026855468748
0.07898292541503904
0.15336952209472654
0.20749053955078123
0.19533119201660154
0.24563751220703123
0.1543231964111328
0.13811073303222654
0.17792663574218748
0.18722496032714842
0.25183639526367185
0.2000995635986328
0.15718421936035154
0.14836273193359373
0.2635189056396484
0.25183639526367185
0.1230903625488281
0.17625770568847654
0.2153583526611328
0.19032440185546873
0.19914588928222654
0.09614906311035154

