0.12189826965332029
0.1371570587158203
0.21058998107910154
0.2661415100097656
0.17959556579589842
0.1638599395751953
0.13310394287109373
0.09281120300292967
0.15527687072753904
0.20820579528808592
0.2108283996582031
0.2508827209472656
0.15694580078124998
0.1230903625488281
0.1848407745361328
0.17864189147949217
0.23323974609374998
0.21368942260742185
0.12618980407714842
0.14907798767089842
0.22251091003417967
0.2058216094970703
0.12142143249511717
0.1886554718017578
0.19723854064941404
0.10759315490722654
0.18054924011230467
0.10878524780273435

