0.11808357238769529
0.15718421936035154
0.2089210510253906
0.32002410888671873
0.2051063537597656
0.15527687072753904
0.12523612976074217
0.08422813415527342
0.14883956909179685
0.19843063354492185
0.2222724914550781
0.24229965209960935
0.14836273193359373
0.1421638488769531
0.1733966827392578
0.18960914611816404
0.26208839416503904
0.20987472534179685
0.11856040954589842
0.15217742919921873
0.2692409515380859
0.23705444335937498
0.11403045654296873
0.1791187286376953
0.21035156249999998
0.12165985107421873
0.17220458984374998
0.10663948059082029

