0.13477287292480467
0.15718421936035154
0.23419342041015623
0.34338912963867185
0.20415267944335935
0.16362152099609373
0.1269050598144531
0.07302246093749998
0.15456161499023435
0.20462951660156248
0.22704086303710935
0.2458759307861328
0.15694580078124998
0.1078315734863281
0.1745887756347656
0.1936622619628906
0.2554126739501953
0.21011314392089842
0.15646896362304685
0.14931640624999998
0.27162513732910154
0.2539821624755859
0.11331520080566404
0.1764961242675781
0.23490867614746092
0.19032440185546873
0.20248374938964842
0.10234794616699217

