0.13286552429199217
0.1562305450439453
0.2337165832519531
0.3455348968505859
0.20081481933593748
0.15694580078124998
0.13477287292480467
0.08422813415527342
0.15694580078124998
0.2020069122314453
0.2031990051269531
0.2432533264160156
0.15646896362304685
0.1409717559814453
0.17411193847656248
0.19604644775390623
0.2546974182128906
0.21011314392089842
0.15384635925292967
0.15098533630371092
0.2730556488037109
0.2554126739501953
0.1192756652832031
0.18174133300781248
0.2153583526611328
0.19461593627929685
0.22847137451171873
0.10258636474609373

