0.12046775817871092
0.13000450134277342
0.2134510040283203
0.27543983459472654
0.17506561279296873
0.15909156799316404
0.12642822265624998
0.08351287841796873
0.15670738220214842
0.20343742370605467
0.20272216796874998
0.2470680236816406
0.1486011505126953
0.1486011505126953
0.18245658874511717
0.16815147399902342
0.2318092346191406
0.252313232421875
0.13358078002929685
0.1524158477783203
0.2432533264160156
0.20820579528808592
0.11569938659667967
0.18460235595703123
0.18341026306152342
0.13238868713378904
0.24277648925781248
0.1040168762207031

