0.1364418029785156
0.1562305450439453
0.2375312805175781
0.34481964111328123
0.1955696105957031
0.1600452423095703
0.13095817565917967
0.08255920410156248
0.15098533630371092
0.19843063354492185
0.2268024444580078
0.2508827209472656
0.15313110351562498
0.14192543029785154
0.17125091552734373
0.19127807617187498
0.2580352783203125
0.20439109802246092
0.15003166198730467
0.14693222045898435
0.2694793701171875
0.2489753723144531
0.11379203796386717
0.1753040313720703
0.21011314392089842
0.19151649475097654
0.20057640075683592
0.09805641174316404

