0.13548812866210935
0.1524158477783203
0.22942504882812498
0.3469654083251953
0.20224533081054685
0.15480003356933592
0.12738189697265623
0.08184394836425779
0.1574226379394531
0.19485435485839842
0.22322616577148435
0.24301490783691404
0.14955482482910154
0.13501129150390623
0.17983398437499998
0.1924701690673828
0.25112113952636717
0.20486793518066404
0.15193901062011717
0.14359436035156248
0.27019462585449217
0.25183639526367185
0.11951408386230467
0.17601928710937498
0.2031990051269531
0.19318542480468748
0.2000995635986328
0.10663948059082029

