0.13954124450683592
0.16242942810058592
0.23872337341308592
0.35292587280273435
0.20343742370605467
0.16219100952148435
0.13024291992187498
0.08279762268066404
0.15694580078124998
0.2020069122314453
0.22155723571777342
0.24873695373535154
0.15480003356933592
0.14192543029785154
0.18078765869140623
0.19390068054199217
0.25636634826660154
0.21035156249999998
0.12714347839355467
0.14764747619628904
0.26447257995605467
0.2287097930908203
0.11569938659667967
0.18388710021972654
0.2134510040283203
0.14693222045898435
0.1726814270019531
0.10258636474609373

