0.1345344543457031
0.15766105651855467
0.22942504882812498
0.35173377990722654
0.20057640075683592
0.1619525909423828
0.12833557128906248
0.08732757568359373
0.15456161499023435
0.20439109802246092
0.2287097930908203
0.24635276794433592
0.1543231964111328
0.1402565002441406
0.17983398437499998
0.18937072753906248
0.26065788269042967
0.21058998107910154
0.15694580078124998
0.15003166198730467
0.26637992858886717
0.2554126739501953
0.10449371337890623
0.17888031005859373
0.21964988708496092
0.19580802917480467
0.20439109802246092
0.10806999206542967

