0.1364418029785156
0.15646896362304685
0.2325244903564453
0.35483322143554685
0.20033798217773435
0.1562305450439453
0.12714347839355467
0.0792213439941406
0.15599212646484373
0.19723854064941404
0.22084197998046873
0.24659118652343748
0.16982040405273435
0.13954124450683592
0.1803108215332031
0.19413909912109373
0.2508827209472656
0.2058216094970703
0.15193901062011717
0.14526329040527342
0.26709518432617185
0.2496906280517578
0.10878524780273435
0.18531761169433592
0.2096363067626953
0.1905628204345703
0.19986114501953123
0.11069259643554685

