0.1352497100830078
0.15718421936035154
0.23347816467285154
0.3474422454833984
0.20296058654785154
0.15766105651855467
0.12714347839355467
0.0830360412597656
0.15480003356933592
0.1943775177001953
0.22274932861328123
0.24158439636230467
0.15122375488281248
0.13691864013671873
0.1791187286376953
0.19413909912109373
0.25374374389648435
0.20439109802246092
0.1612373352050781
0.14550170898437498
0.26709518432617185
0.25374374389648435
0.1173683166503906
0.17411193847656248
0.20796737670898435
0.1860328674316406
0.20749053955078123
0.10234794616699217

