0.11760673522949217
0.15861473083496092
0.23776969909667967
0.34863433837890623
0.19700012207031248
0.1536079406738281
0.12857398986816404
0.07516822814941404
0.15122375488281248
0.19390068054199217
0.22131881713867185
0.2470680236816406
0.14645538330078123
0.13548812866210935
0.17578086853027342
0.18698654174804685
0.2642341613769531
0.20486793518066404
0.12523612976074217
0.14502487182617185
0.26661834716796873
0.22918663024902342
0.11021575927734373
0.17554244995117185
0.20796737670898435
0.12905082702636717
0.16815147399902342
0.10067901611328123

