0.13501129150390623
0.15837631225585935
0.22322616577148435
0.34863433837890623
0.20844421386718748
0.1581378936767578
0.1314350128173828
0.07969818115234373
0.1581378936767578
0.19866905212402342
0.2241798400878906
0.2413459777832031
0.1478858947753906
0.14383277893066404
0.18436393737792967
0.1917549133300781
0.2577968597412109
0.19008598327636717
0.15909156799316404
0.14359436035156248
0.2706714630126953
0.25636634826660154
0.11593780517578123
0.1772113800048828
0.21106681823730467
0.19580802917480467
0.2031990051269531
0.10163269042968748

