0.13286552429199217
0.15670738220214842
0.22942504882812498
0.34410438537597654
0.20439109802246092
0.16171417236328123
0.14121017456054685
0.08065185546874998
0.15336952209472654
0.20629844665527342
0.23109397888183592
0.26447257995605467
0.14454803466796873
0.1371570587158203
0.18460235595703123
0.1955696105957031
0.25708160400390623
0.21058998107910154
0.15527687072753904
0.1440711975097656
0.2654262542724609
0.2585121154785156
0.11689147949218748
0.17697296142578123
0.21750411987304685
0.19223175048828123
0.20057640075683592
0.10449371337890623

