0.11760673522949217
0.1345344543457031
0.23395500183105467
0.3779598236083984
0.2051063537597656
0.15670738220214842
0.12714347839355467
0.08089027404785154
0.15837631225585935
0.2070137023925781
0.2279945373535156
0.24730644226074217
0.14645538330078123
0.14264068603515623
0.17625770568847654
0.19199333190917967
0.25755844116210935
0.21106681823730467
0.15789947509765623
0.1505084991455078
0.2635189056396484
0.2337165832519531
0.11069259643554685
0.17792663574218748
0.21035156249999998
0.17387351989746092
0.2020069122314453
0.10067901611328123

