0.11403045654296873
0.1593299865722656
0.23586235046386717
0.35483322143554685
0.20462951660156248
0.16171417236328123
0.13024291992187498
0.0830360412597656
0.14812431335449217
0.20057640075683592
0.22441825866699217
0.24945220947265623
0.15217742919921873
0.14168701171874998
0.18007240295410154
0.1962848663330078
0.2554126739501953
0.20987472534179685
0.1524158477783203
0.14621696472167967
0.27663192749023435
0.2318092346191406
0.11331520080566404
0.1772113800048828
0.2108283996582031
0.17816505432128904
0.19485435485839842
0.09781799316406248

