0.11617622375488279
0.16672096252441404
0.23467025756835935
0.351495361328125
0.20725212097167967
0.1619525909423828
0.1333423614501953
0.08136711120605467
0.1581378936767578
0.20081481933593748
0.22537193298339842
0.24873695373535154
0.15646896362304685
0.1390644073486328
0.17888031005859373
0.19342384338378904
0.2656646728515625
0.20820579528808592
0.1326271057128906
0.14550170898437498
0.2718635559082031
0.2344318389892578
0.11450729370117185
0.18436393737792967
0.2115436553955078
0.12261352539062498
0.17435035705566404
0.10449371337890623

