0.1173683166503906
0.13167343139648435
0.20844421386718748
0.29880485534667967
0.17554244995117185
0.16242942810058592
0.13286552429199217
0.07826766967773435
0.15027008056640623
0.1955696105957031
0.20796737670898435
0.24301490783691404
0.15503845214843748
0.1459785461425781
0.17935714721679685
0.16982040405273435
0.23300132751464842
0.20796737670898435
0.13405761718749998
0.1459785461425781
0.2470680236816406
0.22823295593261717
0.12022933959960935
0.1810260772705078
0.1848407745361328
0.1021095275878906
0.17196617126464842
0.10640106201171873

