0.13477287292480467
0.15956840515136717
0.23395500183105467
0.34601173400878904
0.19604644775390623
0.15384635925292967
0.13095817565917967
0.0773139953613281
0.14907798767089842
0.2012916564941406
0.22155723571777342
0.2413459777832031
0.1466938018798828
0.1390644073486328
0.17244300842285154
0.19127807617187498
0.24992904663085935
0.19866905212402342
0.15789947509765623
0.15122375488281248
0.2616115570068359
0.252313232421875
0.11617622375488279
0.1886554718017578
0.21559677124023435
0.19008598327636717
0.2039142608642578
0.10616264343261717

