0.13215026855468748
0.16862831115722654
0.20820579528808592
0.34601173400878904
0.20296058654785154
0.15909156799316404
0.13596496582031248
0.08398971557617185
0.14907798767089842
0.19342384338378904
0.20725212097167967
0.24754486083984373
0.15503845214843748
0.1390644073486328
0.17816505432128904
0.19390068054199217
0.25708160400390623
0.2108283996582031
0.15289268493652342
0.14621696472167967
0.27281723022460935
0.25755844116210935
0.11856040954589842
0.17697296142578123
0.21202049255371092
0.18650970458984373
0.20915946960449217
0.10282478332519529

