0.13167343139648435
0.1593299865722656
0.22894821166992185
0.34863433837890623
0.19771537780761717
0.1581378936767578
0.13167343139648435
0.07659873962402342
0.15384635925292967
0.20462951660156248
0.2260871887207031
0.24373016357421873
0.14931640624999998
0.13620338439941404
0.17864189147949217
0.19723854064941404
0.25326690673828123
0.2127357482910156
0.1536079406738281
0.14621696472167967
0.27353248596191404
0.25493583679199217
0.1097389221191406
0.17959556579589842
0.20939788818359373
0.19413909912109373
0.19914588928222654
0.1002021789550781

