0.13620338439941404
0.15480003356933592
0.2299018859863281
0.34720382690429685
0.20343742370605467
0.1612373352050781
0.1326271057128906
0.07588348388671873
0.15646896362304685
0.1993843078613281
0.21821937561035154
0.24301490783691404
0.15098533630371092
0.13954124450683592
0.17578086853027342
0.19890747070312498
0.2561279296875
0.21011314392089842
0.14883956909179685
0.14502487182617185
0.26900253295898435
0.23347816467285154
0.11474571228027342
0.18245658874511717
0.2153583526611328
0.1478858947753906
0.17315826416015623
0.10354003906249998

