0.13167343139648435
0.15527687072753904
0.2089210510253906
0.34410438537597654
0.19962272644042967
0.1600452423095703
0.12452087402343748
0.07993659973144529
0.14955482482910154
0.2012916564941406
0.21607360839843748
0.24277648925781248
0.1497932434082031
0.13977966308593748
0.1791187286376953
0.1905628204345703
0.25326690673828123
0.20820579528808592
0.15146217346191404
0.14574012756347654
0.2692409515380859
0.25255165100097654
0.11283836364746092
0.17435035705566404
0.21178207397460935
0.19103965759277342
0.2306171417236328
0.0982948303222656

