0.10377845764160154
0.12642822265624998
0.19580802917480467
0.2833076477050781
0.16338310241699217
0.15384635925292967
0.11832199096679685
0.07230720520019529
0.1447864532470703
0.19127807617187498
0.19604644775390623
0.2356239318847656
0.16052207946777342
0.14693222045898435
0.18650970458984373
0.16982040405273435
0.2318092346191406
0.20915946960449217
0.13048133850097654
0.14526329040527342
0.24229965209960935
0.20105323791503904
0.11379203796386717
0.18364868164062498
0.2508827209472656
0.12428245544433592
0.1707740783691406
0.10997734069824217

