0.1478858947753906
0.15956840515136717
0.23228607177734373
0.3436275482177734
0.20725212097167967
0.15861473083496092
0.13167343139648435
0.0849433898925781
0.15527687072753904
0.20296058654785154
0.23133239746093748
0.24802169799804685
0.1555152893066406
0.1459785461425781
0.18770179748535154
0.1962848663330078
0.2470680236816406
0.21678886413574217
0.13095817565917967
0.14907798767089842
0.26518783569335935
0.23204765319824217
0.11522254943847654
0.17816505432128904
0.21011314392089842
0.14693222045898435
0.17482719421386717
0.09901008605957029

