0.11665306091308592
0.16076049804687498
0.21011314392089842
0.3596015930175781
0.20248374938964842
0.16529045104980467
0.12905082702636717
0.08851966857910154
0.15456161499023435
0.19843063354492185
0.1993843078613281
0.2542205810546875
0.15003166198730467
0.14335594177246092
0.17673454284667967
0.20486793518066404
0.25302848815917967
0.19914588928222654
0.1371570587158203
0.1524158477783203
0.24754486083984373
0.22918663024902342
0.11259994506835935
0.1803108215332031
0.2184577941894531
0.1269050598144531
0.18960914611816404
0.1040168762207031

