0.13739547729492185
0.16552886962890623
0.23300132751464842
0.35173377990722654
0.20558319091796873
0.15885314941406248
0.13477287292480467
0.07564506530761717
0.15265426635742185
0.20081481933593748
0.22513351440429685
0.24039230346679685
0.15074691772460935
0.14192543029785154
0.17578086853027342
0.19032440185546873
0.2546974182128906
0.2077289581298828
0.16052207946777342
0.14645538330078123
0.26852569580078123
0.23037872314453123
0.11569938659667967
0.18197975158691404
0.21297416687011717
0.1505084991455078
0.17411193847656248
0.10115585327148435

