0.11569938659667967
0.13238868713378904
0.20415267944335935
0.32193145751953123
0.17601928710937498
0.1676746368408203
0.13095817565917967
0.08851966857910154
0.1517005920410156
0.20176849365234373
0.20462951660156248
0.2496906280517578
0.16219100952148435
0.14192543029785154
0.18436393737792967
0.1707740783691406
0.2268024444580078
0.2127357482910156
0.13000450134277342
0.1486011505126953
0.24253807067871092
0.22561035156249998
0.11474571228027342
0.1848407745361328
0.19294700622558592
0.12857398986816404
0.17053565979003904
0.09996376037597654

