0.11450729370117185
0.13739547729492185
0.21511993408203123
0.32050094604492185
0.2000995635986328
0.16028366088867185
0.12928924560546873
0.07969818115234373
0.15456161499023435
0.2420612335205078
0.19580802917480467
0.2501674652099609
0.14931640624999998
0.1428791046142578
0.1764961242675781
0.16815147399902342
0.23323974609374998
0.20868263244628904
0.13620338439941404
0.1497932434082031
0.2420612335205078
0.23323974609374998
0.11617622375488279
0.18197975158691404
0.19103965759277342
0.1269050598144531
0.17411193847656248
0.10473213195800779

