0.12046775817871092
0.1593299865722656
0.23323974609374998
0.35244903564453123
0.20033798217773435
0.15980682373046873
0.1307197570800781
0.07826766967773435
0.15408477783203123
0.2012916564941406
0.22704086303710935
0.24826011657714842
0.1555152893066406
0.14049491882324217
0.17387351989746092
0.19795379638671873
0.2554126739501953
0.2115436553955078
0.1269050598144531
0.15837631225585935
0.26661834716796873
0.23467025756835935
0.1257129669189453
0.18054924011230467
0.20534477233886717
0.15193901062011717
0.17005882263183592
0.10687789916992185

