0.11760673522949217
0.15217742919921873
0.23085556030273435
0.3488727569580078
0.19700012207031248
0.16076049804687498
0.13024291992187498
0.07707557678222654
0.15289268493652342
0.1981922149658203
0.22704086303710935
0.2451606750488281
0.1466938018798828
0.13811073303222654
0.17864189147949217
0.19318542480468748
0.25517425537109373
0.20558319091796873
0.13691864013671873
0.14740905761718748
0.26781044006347654
0.22513351440429685
0.11236152648925779
0.1707740783691406
0.21702728271484373
0.12666664123535154
0.17291984558105467
0.10377845764160154

