0.12261352539062498
0.13668022155761717
0.22942504882812498
0.3462501525878906
0.20105323791503904
0.1574226379394531
0.13286552429199217
0.08518180847167967
0.15289268493652342
0.20105323791503904
0.22274932861328123
0.25135955810546873
0.14907798767089842
0.14454803466796873
0.17744979858398435
0.1924701690673828
0.2577968597412109
0.21416625976562498
0.15265426635742185
0.14955482482910154
0.2692409515380859
0.2318092346191406
0.11522254943847654
0.17768821716308592
0.2096363067626953
0.1478858947753906
0.1764961242675781
0.10425529479980467

