0.13381919860839842
0.15789947509765623
0.25565109252929685
0.35054168701171873
0.2031990051269531
0.16052207946777342
0.1269050598144531
0.08065185546874998
0.15265426635742185
0.1993843078613281
0.22775611877441404
0.24730644226074217
0.15336952209472654
0.13954124450683592
0.18174133300781248
0.18579444885253904
0.25302848815917967
0.21321258544921873
0.12809715270996092
0.1440711975097656
0.27353248596191404
0.23157081604003904
0.1116462707519531
0.1829334259033203
0.21249732971191404
0.15289268493652342
0.17387351989746092
0.10115585327148435

