0.0925727844238281
0.1447864532470703
0.2604194641113281
0.3519721984863281
0.26637992858886717
0.2077289581298828
0.12332878112792967
0.07278404235839842
0.1505084991455078
0.23800811767578123
0.2635189056396484
0.20081481933593748
0.17411193847656248
0.06181678771972654
0.17387351989746092
0.23347816467285154
0.2558895111083984
0.17816505432128904
0.12046775817871092
0.16838989257812498
0.2928443908691406
0.3851123809814453
0.08017501831054685
0.1409717559814453
0.27782402038574217
0.08542022705078123
0.16076049804687498
0.10187110900878904

