0.06920776367187498
0.13930282592773435
0.2325244903564453
0.3221698760986328
0.23800811767578123
0.2153583526611328
0.11832199096679685
0.06920776367187498
0.14621696472167967
0.23586235046386717
0.2809234619140625
0.20844421386718748
0.1581378936767578
0.0715919494628906
0.17435035705566404
0.2504058837890625
0.26900253295898435
0.19151649475097654
0.10616264343261717
0.1657672882080078
0.2737709045410156
0.34291229248046873
0.08661231994628904
0.1326271057128906
0.21297416687011717
0.10330162048339842
0.16982040405273435
0.11140785217285154

