0.07445297241210935
0.11498413085937498
0.20558319091796873
0.27138671875
0.20844421386718748
0.15789947509765623
0.09185752868652342
0.06992301940917967
0.17053565979003904
0.22942504882812498
0.27138671875
0.18698654174804685
0.13930282592773435
0.07612190246582029
0.18126449584960935
0.23347816467285154
0.2711483001708984
0.16147575378417967
0.13000450134277342
0.15766105651855467
0.32503089904785154
0.2935596466064453
0.08613548278808592
0.13501129150390623
0.21321258544921873
0.0715919494628906
0.17291984558105467
0.08422813415527342

