0.09161911010742185
0.14240226745605467
0.2592273712158203
0.32693824768066404
0.24301490783691404
0.2058216094970703
0.11712989807128904
0.0734992980957031
0.15122375488281248
0.2306171417236328
0.27281723022460935
0.21035156249999998
0.18507919311523435
0.06682357788085935
0.17220458984374998
0.24730644226074217
0.26781044006347654
0.19223175048828123
0.1295276641845703
0.18579444885253904
0.29832801818847654
0.4137226104736328
0.0849433898925781
0.1612373352050781
0.2451606750488281
0.08947334289550779
0.16529045104980467
0.09972534179687498

