0.06849250793457029
0.11498413085937498
0.23920021057128904
0.2771087646484375
0.21130523681640623
0.1638599395751953
0.09209594726562498
0.07755241394042967
0.1733966827392578
0.2375312805175781
0.2725788116455078
0.20677528381347654
0.14073333740234373
0.06706199645996092
0.17578086853027342
0.24563751220703123
0.2687641143798828
0.15670738220214842
0.1288124084472656
0.15193901062011717
0.3278919219970703
0.28879127502441404
0.08780441284179685
0.13596496582031248
0.2203651428222656
0.07779083251953123
0.17554244995117185
0.08375129699707029

