0.09281120300292967
0.14001808166503904
0.2623268127441406
0.3507801055908203
0.2592273712158203
0.21416625976562498
0.12380561828613279
0.08065185546874998
0.15146217346191404
0.2279945373535156
0.2771087646484375
0.21297416687011717
0.19103965759277342
0.07445297241210935
0.17768821716308592
0.2539821624755859
0.2730556488037109
0.1867481231689453
0.12809715270996092
0.18555603027343748
0.3023811340332031
0.39369544982910154
0.08851966857910154
0.13668022155761717
0.28736076354980467
0.10139427185058592
0.17673454284667967
0.11212310791015623

