0.0963874816894531
0.14502487182617185
0.2344318389892578
0.32240829467773435
0.23681602478027342
0.2077289581298828
0.11879882812499998
0.07135353088378904
0.14574012756347654
0.23037872314453123
0.27424774169921873
0.2089210510253906
0.16266784667968748
0.07278404235839842
0.1733966827392578
0.24635276794433592
0.27162513732910154
0.18889389038085935
0.10950050354003904
0.15980682373046873
0.30333480834960935
0.39417228698730467
0.08184394836425779
0.1390644073486328
0.21798095703124998
0.10520896911621092
0.16815147399902342
0.11426887512207029

