0.06515464782714842
0.11474571228027342
0.22966346740722654
0.26971778869628904
0.21202049255371092
0.15980682373046873
0.09519538879394529
0.07564506530761717
0.17053565979003904
0.2299018859863281
0.27281723022460935
0.18937072753906248
0.13381919860839842
0.07254562377929685
0.17482719421386717
0.2737709045410156
0.2680488586425781
0.16147575378417967
0.13739547729492185
0.15599212646484373
0.32550773620605467
0.2916522979736328
0.08661231994628904
0.1383491516113281
0.21368942260742185
0.0734992980957031
0.14430961608886717
0.07779083251953123

