0.08923492431640623
0.13954124450683592
0.23967704772949217
0.31978569030761717
0.24182281494140623
0.21488151550292967
0.12523612976074217
0.07254562377929685
0.15289268493652342
0.23705444335937498
0.27996978759765623
0.2115436553955078
0.16076049804687498
0.06896934509277342
0.17768821716308592
0.2458759307861328
0.2737709045410156
0.1886554718017578
0.10258636474609373
0.15861473083496092
0.301904296875
0.3951259613037109
0.08756599426269529
0.13882598876953123
0.2153583526611328
0.09686431884765623
0.17196617126464842
0.1116462707519531

