0.08470497131347654
0.13763389587402342
0.2604194641113281
0.3488727569580078
0.259942626953125
0.21011314392089842
0.11975250244140623
0.07492980957031248
0.17506561279296873
0.2363391876220703
0.27901611328125
0.21178207397460935
0.19723854064941404
0.07206878662109373
0.17578086853027342
0.24611434936523435
0.2699562072753906
0.18579444885253904
0.13477287292480467
0.18388710021972654
0.2985664367675781
0.39679489135742185
0.08732757568359373
0.14311752319335935
0.2902217864990234
0.1021095275878906
0.17935714721679685
0.11879882812499998

