0.07421455383300779
0.14812431335449217
0.21702728271484373
0.3050037384033203
0.21893463134765623
0.19390068054199217
0.1249977111816406
0.07492980957031248
0.1486011505126953
0.23395500183105467
0.2806850433349609
0.22322616577148435
0.17005882263183592
0.08136711120605467
0.1822181701660156
0.25255165100097654
0.2847381591796875
0.19199333190917967
0.1135536193847656
0.16838989257812498
0.2783008575439453
0.30095062255859373
0.08756599426269529
0.1402565002441406
0.2203651428222656
0.10878524780273435
0.17506561279296873
0.12475929260253904

