0.06706199645996092
0.11665306091308592
0.23800811767578123
0.2749629974365234
0.2115436553955078
0.16076049804687498
0.08661231994628904
0.07469139099121092
0.16838989257812498
0.23157081604003904
0.27353248596191404
0.19604644775390623
0.13167343139648435
0.07039985656738279
0.17744979858398435
0.24420700073242185
0.27162513732910154
0.16266784667968748
0.13000450134277342
0.15789947509765623
0.3290840148925781
0.29141387939453123
0.08422813415527342
0.13811073303222654
0.21511993408203123
0.07039985656738279
0.17101249694824217
0.08184394836425779

