0.08804283142089842
0.18150291442871092
0.26065788269042967
0.34911117553710935
0.24873695373535154
0.19914588928222654
0.10687789916992185
0.06253204345703123
0.13572654724121092
0.2172657012939453
0.26447257995605467
0.1955696105957031
0.1753040313720703
0.05895576477050779
0.16338310241699217
0.23848495483398435
0.25493583679199217
0.1791187286376953
0.16600570678710935
0.18650970458984373
0.31406364440917967
0.4008480072021484
0.09114227294921873
0.1428791046142578
0.2871223449707031
0.10354003906249998
0.17601928710937498
0.11236152648925779

