0.08542022705078123
0.1326271057128906
0.24444541931152342
0.3381439208984375
0.2504058837890625
0.1955696105957031
0.10902366638183592
0.06110153198242185
0.13763389587402342
0.2268024444580078
0.26328048706054685
0.20081481933593748
0.18341026306152342
0.059432601928710915
0.16934356689453123
0.23729286193847654
0.26137313842773435
0.17744979858398435
0.12356719970703123
0.1714893341064453
0.2940364837646484
0.38415870666503904
0.08160552978515623
0.12714347839355467
0.26828727722167967
0.08708915710449217
0.1593299865722656
0.09567222595214842

