0.0715919494628906
0.11832199096679685
0.23133239746093748
0.2732940673828125
0.20486793518066404
0.16099891662597654
0.09114227294921873
0.07683715820312498
0.17172775268554685
0.2306171417236328
0.27400932312011717
0.18627128601074217
0.13811073303222654
0.0696846008300781
0.17601928710937498
0.24158439636230467
0.26971778869628904
0.15861473083496092
0.13191184997558592
0.15313110351562498
0.328607177734375
0.28426132202148435
0.08089027404785154
0.13024291992187498
0.21678886413574217
0.07516822814941404
0.17482719421386717
0.08160552978515623

