0.06324729919433592
0.11188468933105467
0.23037872314453123
0.2699562072753906
0.20606002807617185
0.1555152893066406
0.08732757568359373
0.07993659973144529
0.16910514831542967
0.22847137451171873
0.27281723022460935
0.18841705322265623
0.13095817565917967
0.07421455383300779
0.17816505432128904
0.24754486083984373
0.26971778869628904
0.15694580078124998
0.1307197570800781
0.15575370788574217
0.32193145751953123
0.28807601928710935
0.09018859863281248
0.13739547729492185
0.2222724914550781
0.07826766967773435
0.17172775268554685
0.08542022705078123

