0.08542022705078123
0.14574012756347654
0.25183639526367185
0.34338912963867185
0.25493583679199217
0.21178207397460935
0.11283836364746092
0.07492980957031248
0.1459785461425781
0.23419342041015623
0.27663192749023435
0.21559677124023435
0.1791187286376953
0.05609474182128904
0.16910514831542967
0.23228607177734373
0.2618499755859375
0.1791187286376953
0.11903724670410154
0.17101249694824217
0.29427490234375
0.38797340393066404
0.07636032104492185
0.12070617675781248
0.2737709045410156
0.08828124999999998
0.16147575378417967
0.10234794616699217

