0.060386276245117165
0.14264068603515623
0.2337165832519531
0.3207393646240234
0.23705444335937498
0.20462951660156248
0.11975250244140623
0.06801567077636717
0.1478858947753906
0.22847137451171873
0.27615509033203123
0.20844421386718748
0.16338310241699217
0.07016143798828123
0.17625770568847654
0.24468383789062498
0.27210197448730467
0.1860328674316406
0.11116943359374998
0.1593299865722656
0.29713592529296873
0.39822540283203123
0.09161911010742185
0.13811073303222654
0.21106681823730467
0.09948692321777342
0.1745887756347656
0.11498413085937498

