0.08899650573730467
0.14454803466796873
0.26280364990234373
0.32765350341796873
0.2375312805175781
0.21225891113281248
0.1249977111816406
0.06920776367187498
0.1478858947753906
0.23967704772949217
0.27353248596191404
0.2115436553955078
0.19103965759277342
0.07421455383300779
0.18317184448242185
0.24563751220703123
0.27234039306640623
0.19342384338378904
0.1352497100830078
0.17101249694824217
0.3088184356689453
0.42540512084960935
0.08923492431640623
0.14383277893066404
0.24659118652343748
0.11236152648925779
0.17816505432128904
0.11808357238769529

