0.07063827514648435
0.11283836364746092
0.23705444335937498
0.26971778869628904
0.20558319091796873
0.15599212646484373
0.09042701721191404
0.0696846008300781
0.1733966827392578
0.23538551330566404
0.2732940673828125
0.18555603027343748
0.13572654724121092
0.06849250793457029
0.17744979858398435
0.24301490783691404
0.2687641143798828
0.16076049804687498
0.1288124084472656
0.15480003356933592
0.32550773620605467
0.2902217864990234
0.08828124999999998
0.13477287292480467
0.2210803985595703
0.0754066467285156
0.16862831115722654
0.08208236694335935

