0.06539306640624998
0.11808357238769529
0.23395500183105467
0.27281723022460935
0.20558319091796873
0.15694580078124998
0.09471855163574217
0.07063827514648435
0.17482719421386717
0.22847137451171873
0.2711483001708984
0.18770179748535154
0.13668022155761717
0.06873092651367185
0.2020069122314453
0.24945220947265623
0.2763935089111328
0.15885314941406248
0.12976608276367185
0.15503845214843748
0.32479248046875
0.2909370422363281
0.08732757568359373
0.1390644073486328
0.22465667724609373
0.07683715820312498
0.16624412536621092
0.08351287841796873

