0.06324729919433592
0.11426887512207029
0.23419342041015623
0.2732940673828125
0.21178207397460935
0.15909156799316404
0.09281120300292967
0.07063827514648435
0.1745887756347656
0.23514709472656248
0.2806850433349609
0.1886554718017578
0.1314350128173828
0.07445297241210935
0.18126449584960935
0.24349174499511717
0.2654262542724609
0.1581378936767578
0.12905082702636717
0.18197975158691404
0.3283687591552734
0.29570541381835935
0.08327445983886717
0.13477287292480467
0.21559677124023435
0.10139427185058592
0.16719779968261717
0.08208236694335935

