0.06539306640624998
0.1097389221191406
0.23610076904296873
0.267572021484375
0.2115436553955078
0.15575370788574217
0.09424171447753904
0.07206878662109373
0.1753040313720703
0.2318092346191406
0.275201416015625
0.18317184448242185
0.13763389587402342
0.06896934509277342
0.17768821716308592
0.24492225646972654
0.26828727722167967
0.16076049804687498
0.13024291992187498
0.15718421936035154
0.32574615478515623
0.29570541381835935
0.08375129699707029
0.13119659423828123
0.21750411987304685
0.07397613525390623
0.17125091552734373
0.08017501831054685

