0.07373771667480467
0.1478858947753906
0.2051063537597656
0.27424774169921873
0.21106681823730467
0.1898475646972656
0.09352645874023435
0.07636032104492185
0.16719779968261717
0.24110755920410154
0.27996978759765623
0.2115436553955078
0.14073333740234373
0.07707557678222654
0.1784034729003906
0.25135955810546873
0.27162513732910154
0.18817863464355467
0.11379203796386717
0.15027008056640623
0.2821155548095703
0.29141387939453123
0.09304962158203123
0.13691864013671873
0.21821937561035154
0.10544738769531248
0.17744979858398435
0.11784515380859373

