0.0982948303222656
0.13954124450683592
0.23586235046386717
0.320977783203125
0.2401538848876953
0.2070137023925781
0.12285194396972654
0.07326087951660154
0.14955482482910154
0.23085556030273435
0.28163871765136717
0.2089210510253906
0.16242942810058592
0.07683715820312498
0.17816505432128904
0.24611434936523435
0.27400932312011717
0.19008598327636717
0.10902366638183592
0.16409835815429685
0.27806243896484373
0.3679462432861328
0.08613548278808592
0.13787231445312498
0.21869621276855467
0.10139427185058592
0.17625770568847654
0.10258636474609373

