0.08780441284179685
0.1440711975097656
0.2470680236816406
0.31048736572265623
0.22656402587890623
0.1974769592285156
0.1097389221191406
0.05871734619140623
0.13358078002929685
0.22632560729980467
0.27019462585449217
0.2012916564941406
0.1803108215332031
0.059432601928710915
0.17196617126464842
0.2306171417236328
0.2654262542724609
0.18627128601074217
0.1230903625488281
0.16457519531249998
0.2902217864990234
0.4175373077392578
0.07612190246582029
0.12976608276367185
0.23467025756835935
0.09090385437011717
0.16338310241699217
0.10497055053710935

