0.09519538879394529
0.13930282592773435
0.23395500183105467
0.3245540618896484
0.2375312805175781
0.20939788818359373
0.12189826965332029
0.07802925109863279
0.14693222045898435
0.23014030456542967
0.27281723022460935
0.20629844665527342
0.1581378936767578
0.07397613525390623
0.1707740783691406
0.24110755920410154
0.27281723022460935
0.1886554718017578
0.10640106201171873
0.1600452423095703
0.28354606628417967
0.39631805419921873
0.08971176147460935
0.13739547729492185
0.24635276794433592
0.09781799316406248
0.17792663574218748
0.11808357238769529

