0.07016143798828123
0.15384635925292967
0.21368942260742185
0.3195472717285156
0.21416625976562498
0.1936622619628906
0.12428245544433592
0.07326087951660154
0.1478858947753906
0.23776969909667967
0.28569183349609373
0.21440467834472654
0.13739547729492185
0.07755241394042967
0.1822181701660156
0.24539909362792967
0.2749629974365234
0.19533119201660154
0.11045417785644529
0.1657672882080078
0.2833076477050781
0.29522857666015623
0.09233436584472654
0.14121017456054685
0.21798095703124998
0.09138069152832029
0.17744979858398435
0.11426887512207029

