0.09233436584472654
0.1371570587158203
0.2630420684814453
0.3233619689941406
0.26137313842773435
0.2051063537597656
0.12022933959960935
0.07850608825683592
0.14740905761718748
0.23538551330566404
0.28998336791992185
0.21774253845214842
0.19604644775390623
0.06658515930175779
0.1822181701660156
0.2515979766845703
0.2756782531738281
0.19270858764648435
0.1428791046142578
0.16457519531249998
0.30214271545410154
0.423974609375
0.0868507385253906
0.1402565002441406
0.2825923919677734
0.10067901611328123
0.17744979858398435
0.12475929260253904

