0.06992301940917967
0.14264068603515623
0.21678886413574217
0.3266998291015625
0.2656646728515625
0.1905628204345703
0.1173683166503906
0.08160552978515623
0.15670738220214842
0.23920021057128904
0.28306922912597654
0.21011314392089842
0.1657672882080078
0.07683715820312498
0.1764961242675781
0.24492225646972654
0.27234039306640623
0.18937072753906248
0.11331520080566404
0.15909156799316404
0.2809234619140625
0.29713592529296873
0.09161911010742185
0.1364418029785156
0.20939788818359373
0.0944801330566406
0.17220458984374998
0.10997734069824217

