0.07516822814941404
0.14883956909179685
0.20915946960449217
0.2999969482421875
0.24158439636230467
0.1917549133300781
0.11975250244140623
0.08255920410156248
0.2058216094970703
0.24229965209960935
0.2787776947021484
0.21249732971191404
0.16815147399902342
0.07612190246582029
0.1772113800048828
0.25755844116210935
0.27472457885742185
0.19032440185546873
0.10640106201171873
0.16457519531249998
0.2809234619140625
0.29379806518554685
0.09185752868652342
0.14049491882324217
0.21798095703124998
0.10330162048339842
0.17506561279296873
0.11307678222656248

