0.0620552062988281
0.11069259643554685
0.23705444335937498
0.27543983459472654
0.21368942260742185
0.15217742919921873
0.09376487731933592
0.07278404235839842
0.17053565979003904
0.23729286193847654
0.27472457885742185
0.18817863464355467
0.13048133850097654
0.06801567077636717
0.18007240295410154
0.2470680236816406
0.27615509033203123
0.1581378936767578
0.12809715270996092
0.1791187286376953
0.3221698760986328
0.29117546081542967
0.07993659973144529
0.13739547729492185
0.22251091003417967
0.07373771667480467
0.1726814270019531
0.08232078552246092

