0.07063827514648435
0.14931640624999998
0.21678886413574217
0.30261955261230467
0.21607360839843748
0.15456161499023435
0.1269050598144531
0.07111511230468748
0.1524158477783203
0.23729286193847654
0.28354606628417967
0.2020069122314453
0.14550170898437498
0.07397613525390623
0.1772113800048828
0.24444541931152342
0.26900253295898435
0.19151649475097654
0.09614906311035154
0.16338310241699217
0.2783008575439453
0.29332122802734373
0.08851966857910154
0.1440711975097656
0.21941146850585935
0.09924850463867185
0.17411193847656248
0.11403045654296873

