0.09614906311035154
0.13763389587402342
0.23872337341308592
0.3259845733642578
0.23538551330566404
0.2070137023925781
0.11903724670410154
0.07111511230468748
0.15098533630371092
0.23157081604003904
0.2771087646484375
0.21249732971191404
0.1657672882080078
0.07612190246582029
0.17411193847656248
0.24063072204589842
0.2687641143798828
0.18555603027343748
0.10282478332519529
0.15885314941406248
0.2999969482421875
0.3908344268798828
0.0887580871582031
0.14311752319335935
0.21941146850585935
0.09662590026855467
0.16791305541992185
0.10830841064453123

