0.07230720520019529
0.11474571228027342
0.23276290893554685
0.26828727722167967
0.21321258544921873
0.15575370788574217
0.09018859863281248
0.07397613525390623
0.17053565979003904
0.2279945373535156
0.27019462585449217
0.18150291442871092
0.1333423614501953
0.07254562377929685
0.1733966827392578
0.24539909362792967
0.26518783569335935
0.1631446838378906
0.12976608276367185
0.1517005920410156
0.32622299194335935
0.2921291351318359
0.09090385437011717
0.13691864013671873
0.21702728271484373
0.07326087951660154
0.1745887756347656
0.08708915710449217

