0.0925727844238281
0.14049491882324217
0.25827369689941404
0.34720382690429685
0.26208839416503904
0.21035156249999998
0.11760673522949217
0.06420097351074217
0.16743621826171873
0.2318092346191406
0.25946578979492185
0.20868263244628904
0.18698654174804685
0.0734992980957031
0.17888031005859373
0.2477832794189453
0.2673336029052734
0.18650970458984373
0.20629844665527342
0.17816505432128904
0.2940364837646484
0.39751014709472654
0.08232078552246092
0.1352497100830078
0.2864070892333984
0.09734115600585935
0.17029724121093748
0.11617622375488279

