0.05800209045410154
0.10806999206542967
0.23729286193847654
0.2711483001708984
0.2127357482910156
0.15599212646484373
0.08422813415527342
0.07469139099121092
0.17125091552734373
0.22537193298339842
0.28378448486328123
0.18078765869140623
0.1402565002441406
0.06634674072265623
0.17983398437499998
0.27782402038574217
0.26828727722167967
0.1562305450439453
0.13024291992187498
0.15766105651855467
0.3264614105224609
0.2885528564453125
0.08851966857910154
0.13668022155761717
0.21631202697753904
0.0792213439941406
0.14192543029785154
0.08732757568359373

