0.07039985656738279
0.14383277893066404
0.2165504455566406
0.275201416015625
0.21702728271484373
0.1905628204345703
0.09948692321777342
0.07802925109863279
0.1517005920410156
0.24253807067871092
0.2794929504394531
0.21225891113281248
0.13501129150390623
0.07945976257324217
0.16838989257812498
0.24730644226074217
0.2730556488037109
0.19723854064941404
0.10711631774902342
0.14574012756347654
0.2844997406005859
0.2985664367675781
0.08518180847167967
0.13811073303222654
0.21821937561035154
0.09877166748046873
0.1791187286376953
0.11808357238769529

