0.06682357788085935
0.12213668823242185
0.24253807067871092
0.2909370422363281
0.21130523681640623
0.15456161499023435
0.09519538879394529
0.07278404235839842
0.17554244995117185
0.23157081604003904
0.2783008575439453
0.18889389038085935
0.14121017456054685
0.07278404235839842
0.1867481231689453
0.24921379089355467
0.26709518432617185
0.1600452423095703
0.1314350128173828
0.16552886962890623
0.3240772247314453
0.29332122802734373
0.08589706420898435
0.13668022155761717
0.21678886413574217
0.08017501831054685
0.1505084991455078
0.08327445983886717

