0.0658699035644531
0.12094459533691404
0.23204765319824217
0.2744861602783203
0.21583518981933592
0.15217742919921873
0.09114227294921873
0.0715919494628906
0.17482719421386717
0.22847137451171873
0.27424774169921873
0.18078765869140623
0.13501129150390623
0.07254562377929685
0.18126449584960935
0.2515979766845703
0.2692409515380859
0.1593299865722656
0.12738189697265623
0.1764961242675781
0.3214546203613281
0.2871223449707031
0.13572654724121092
0.1390644073486328
0.21988830566406248
0.07588348388671873
0.16743621826171873
0.08232078552246092

