0.0925727844238281
0.1459785461425781
0.23848495483398435
0.31978569030761717
0.23490867614746092
0.21106681823730467
0.12094459533691404
0.06896934509277342
0.1486011505126953
0.2356239318847656
0.275201416015625
0.20677528381347654
0.18555603027343748
0.07302246093749998
0.17816505432128904
0.2420612335205078
0.27090988159179685
0.18507919311523435
0.12642822265624998
0.18054924011230467
0.30476531982421873
0.39751014709472654
0.09114227294921873
0.1421638488769531
0.22441825866699217
0.10091743469238279
0.1733966827392578
0.11307678222656248

