0.08828124999999998
0.14240226745605467
0.2635189056396484
0.32383880615234373
0.23896179199218748
0.20915946960449217
0.21678886413574217
0.08136711120605467
0.1478858947753906
0.23586235046386717
0.2775856018066406
0.2134510040283203
0.19342384338378904
0.07230720520019529
0.18317184448242185
0.2527900695800781
0.2730556488037109
0.18960914611816404
0.1333423614501953
0.1688667297363281
0.301904296875
0.420159912109375
0.0944801330566406
0.1459785461425781
0.2520748138427734
0.09233436584472654
0.17220458984374998
0.11641464233398435

