0.06920776367187498
0.11903724670410154
0.23681602478027342
0.298089599609375
0.21297416687011717
0.1631446838378906
0.08851966857910154
0.06992301940917967
0.17482719421386717
0.2337165832519531
0.275201416015625
0.18698654174804685
0.1447864532470703
0.07636032104492185
0.2070137023925781
0.24301490783691404
0.2668567657470703
0.15980682373046873
0.1295276641845703
0.15313110351562498
0.33075294494628904
0.29332122802734373
0.08446655273437498
0.13620338439941404
0.21750411987304685
0.07779083251953123
0.1688667297363281
0.0773139953613281

