0.06920776367187498
0.11617622375488279
0.23419342041015623
0.27543983459472654
0.21368942260742185
0.15384635925292967
0.08422813415527342
0.06801567077636717
0.17744979858398435
0.2337165832519531
0.2725788116455078
0.18579444885253904
0.13596496582031248
0.07230720520019529
0.1803108215332031
0.24659118652343748
0.2680488586425781
0.15575370788574217
0.1295276641845703
0.1562305450439453
0.32312355041503904
0.2902217864990234
0.08971176147460935
0.1345344543457031
0.21178207397460935
0.06515464782714842
0.16624412536621092
0.08613548278808592

