0.0677772521972656
0.13954124450683592
0.21702728271484373
0.27353248596191404
0.21798095703124998
0.18960914611816404
0.0982948303222656
0.08017501831054685
0.15027008056640623
0.24730644226074217
0.27806243896484373
0.20415267944335935
0.13811073303222654
0.07445297241210935
0.17935714721679685
0.24539909362792967
0.2732940673828125
0.18770179748535154
0.11045417785644529
0.1390644073486328
0.27400932312011717
0.29904327392578123
0.0925727844238281
0.1428791046142578
0.21702728271484373
0.09853324890136717
0.16910514831542967
0.1135536193847656

