0.09185752868652342
0.1466938018798828
0.23800811767578123
0.328607177734375
0.2356239318847656
0.20796737670898435
0.12833557128906248
0.07826766967773435
0.14931640624999998
0.23014030456542967
0.27138671875
0.20415267944335935
0.16600570678710935
0.06658515930175779
0.17864189147949217
0.27734718322753904
0.2718635559082031
0.1936622619628906
0.09853324890136717
0.15980682373046873
0.30405006408691404
0.4270740509033203
0.09161911010742185
0.13668022155761717
0.21583518981933592
0.09686431884765623
0.17196617126464842
0.11140785217285154

