0.07254562377929685
0.11331520080566404
0.23157081604003904
0.2706714630126953
0.21249732971191404
0.1581378936767578
0.09138069152832029
0.07516822814941404
0.1726814270019531
0.23323974609374998
0.2749629974365234
0.19676170349121092
0.14121017456054685
0.06992301940917967
0.17697296142578123
0.24873695373535154
0.26399574279785154
0.15670738220214842
0.13310394287109373
0.1536079406738281
0.32693824768066404
0.2866455078125
0.08232078552246092
0.13477287292480467
0.2146430969238281
0.0773139953613281
0.16457519531249998
0.07945976257324217

