0.06896934509277342
0.11426887512207029
0.23586235046386717
0.2787776947021484
0.20844421386718748
0.15670738220214842
0.09304962158203123
0.07492980957031248
0.17029724121093748
0.22823295593261717
0.27472457885742185
0.18913230895996092
0.14073333740234373
0.07087669372558592
0.17744979858398435
0.24921379089355467
0.28545341491699217
0.16028366088867185
0.13429603576660154
0.1524158477783203
0.32479248046875
0.2940364837646484
0.0849433898925781
0.13215026855468748
0.21821937561035154
0.07874450683593748
0.16409835815429685
0.08184394836425779

