0.07683715820312498
0.1326271057128906
0.25493583679199217
0.320977783203125
0.23729286193847654
0.21678886413574217
0.1249977111816406
0.07826766967773435
0.1543231964111328
0.23705444335937498
0.29880485534667967
0.21178207397460935
0.18937072753906248
0.07111511230468748
0.17435035705566404
0.2527900695800781
0.2756782531738281
0.19533119201660154
0.1288124084472656
0.18388710021972654
0.3035732269287109
0.443048095703125
0.08804283142089842
0.1402565002441406
0.24539909362792967
0.10425529479980467
0.1784034729003906
0.11236152648925779

