0.07397613525390623
0.11784515380859373
0.23681602478027342
0.2737709045410156
0.2146430969238281
0.1593299865722656
0.09328804016113279
0.07492980957031248
0.1791187286376953
0.23514709472656248
0.2763935089111328
0.18531761169433592
0.13381919860839842
0.07183036804199217
0.1791187286376953
0.24635276794433592
0.2737709045410156
0.15408477783203123
0.14049491882324217
0.1543231964111328
0.32360038757324217
0.3100105285644531
0.09090385437011717
0.13787231445312498
0.21988830566406248
0.07183036804199217
0.17101249694824217
0.0830360412597656

