0.09018859863281248
0.14144859313964842
0.25875053405761717
0.3424354553222656
0.26781044006347654
0.21988830566406248
0.1269050598144531
0.08017501831054685
0.1543231964111328
0.23920021057128904
0.27806243896484373
0.20820579528808592
0.18960914611816404
0.07278404235839842
0.1829334259033203
0.2539821624755859
0.2687641143798828
0.1905628204345703
0.13310394287109373
0.1848407745361328
0.2997585296630859
0.40013275146484373
0.0868507385253906
0.14359436035156248
0.27400932312011717
0.1002021789550781
0.1753040313720703
0.1116462707519531

