0.06753883361816404
0.11879882812499998
0.2337165832519531
0.27543983459472654
0.21392784118652342
0.15575370788574217
0.0906654357910156
0.08327445983886717
0.17506561279296873
0.22537193298339842
0.27090988159179685
0.17864189147949217
0.14335594177246092
0.07421455383300779
0.18174133300781248
0.24277648925781248
0.27353248596191404
0.15670738220214842
0.13048133850097654
0.1745887756347656
0.3233619689941406
0.2866455078125
0.09352645874023435
0.13477287292480467
0.21988830566406248
0.09686431884765623
0.16743621826171873
0.08375129699707029

