0.09304962158203123
0.17196617126464842
0.25565109252929685
0.3240772247314453
0.23467025756835935
0.2108283996582031
0.12475929260253904
0.07802925109863279
0.1478858947753906
0.23872337341308592
0.2749629974365234
0.20844421386718748
0.18507919311523435
0.07707557678222654
0.18507919311523435
0.24945220947265623
0.27472457885742185
0.19390068054199217
0.13191184997558592
0.16457519531249998
0.298089599609375
0.4213520050048828
0.08351287841796873
0.13930282592773435
0.28736076354980467
0.10258636474609373
0.16934356689453123
0.11498413085937498

