0.09304962158203123
0.1421638488769531
0.2592273712158203
0.32121620178222654
0.24182281494140623
0.21321258544921873
0.1249977111816406
0.07326087951660154
0.1505084991455078
0.24063072204589842
0.2768703460693359
0.2051063537597656
0.19127807617187498
0.07445297241210935
0.17744979858398435
0.2413459777832031
0.2580352783203125
0.1753040313720703
0.11784515380859373
0.15408477783203123
0.2961822509765625
0.41586837768554685
0.07707557678222654
0.13048133850097654
0.23920021057128904
0.08780441284179685
0.15646896362304685
0.10067901611328123

