0.0639625549316406
0.11689147949218748
0.2394386291503906
0.2699562072753906
0.2127357482910156
0.16242942810058592
0.09328804016113279
0.0754066467285156
0.17315826416015623
0.23991546630859373
0.27806243896484373
0.18388710021972654
0.13572654724121092
0.06467781066894529
0.18150291442871092
0.23920021057128904
0.27019462585449217
0.1619525909423828
0.13095817565917967
0.15694580078124998
0.3259845733642578
0.29141387939453123
0.08565864562988279
0.1295276641845703
0.21821937561035154
0.0734992980957031
0.16838989257812498
0.0792213439941406

