0.09424171447753904
0.10044059753417967
0.2394386291503906
0.25374374389648435
0.2248950958251953
0.21321258544921873
0.11689147949218748
0.08017501831054685
0.15003166198730467
0.19270858764648435
0.2420612335205078
0.21130523681640623
0.1612373352050781
0.02605400085449217
0.17935714721679685
0.2504058837890625
0.2744861602783203
0.18698654174804685
0.10306320190429685
0.1536079406738281
0.2749629974365234
0.3724761962890625
0.08637390136718748
0.13858757019042967
0.21511993408203123
0.11689147949218748
0.16910514831542967
0.10330162048339842

