0.06372413635253904
0.1116462707519531
0.23157081604003904
0.27400932312011717
0.21392784118652342
0.1612373352050781
0.09185752868652342
0.07326087951660154
0.16743621826171873
0.23014030456542967
0.2756782531738281
0.18460235595703123
0.13501129150390623
0.07087669372558592
0.1822181701660156
0.24635276794433592
0.26900253295898435
0.15527687072753904
0.13548812866210935
0.15599212646484373
0.3297992706298828
0.2916522979736328
0.08899650573730467
0.13954124450683592
0.21249732971191404
0.07254562377929685
0.17029724121093748
0.08351287841796873

