0.06706199645996092
0.14359436035156248
0.21392784118652342
0.2775856018066406
0.2172657012939453
0.1955696105957031
0.0963874816894531
0.07993659973144529
0.14645538330078123
0.23085556030273435
0.2775856018066406
0.21607360839843748
0.14335594177246092
0.07373771667480467
0.17888031005859373
0.25302848815917967
0.2771087646484375
0.19080123901367185
0.11426887512207029
0.15599212646484373
0.28497657775878904
0.29141387939453123
0.09471855163574217
0.14073333740234373
0.22346458435058592
0.10497055053710935
0.17315826416015623
0.11808357238769529

