0.08065185546874998
0.13286552429199217
0.24945220947265623
0.31549415588378904
0.22274932861328123
0.20081481933593748
0.11379203796386717
0.06420097351074217
0.14192543029785154
0.22084197998046873
0.2680488586425781
0.19890747070312498
0.1822181701660156
0.06277046203613279
0.16433677673339842
0.23347816467285154
0.26018104553222654
0.18054924011230467
0.1211830139160156
0.19652328491210935
0.28998336791992185
0.41086158752441404
0.07683715820312498
0.1288124084472656
0.23467025756835935
0.09591064453124998
0.17888031005859373
0.1154609680175781

