0.08851966857910154
0.14717063903808592
0.23848495483398435
0.3190704345703125
0.24182281494140623
0.2070137023925781
0.14383277893066404
0.07302246093749998
0.15265426635742185
0.23538551330566404
0.27424774169921873
0.20677528381347654
0.16552886962890623
0.06658515930175779
0.18054924011230467
0.24921379089355467
0.2694793701171875
0.19318542480468748
0.1097389221191406
0.1581378936767578
0.29952011108398435
0.3996559143066406
0.08708915710449217
0.14526329040527342
0.21607360839843748
0.1021095275878906
0.1707740783691406
0.11259994506835935

