0.09233436584472654
0.13977966308593748
0.2585121154785156
0.3259845733642578
0.23729286193847654
0.21106681823730467
0.12213668823242185
0.07445297241210935
0.15289268493652342
0.2260871887207031
0.2756782531738281
0.21297416687011717
0.1886554718017578
0.06992301940917967
0.18627128601074217
0.25255165100097654
0.27591667175292967
0.1784034729003906
0.12595138549804685
0.16362152099609373
0.29952011108398435
0.4256435394287109
0.09090385437011717
0.13739547729492185
0.24420700073242185
0.08708915710449217
0.17411193847656248
0.11712989807128904

