0.06420097351074217
0.11569938659667967
0.23586235046386717
0.2711483001708984
0.21559677124023435
0.15503845214843748
0.08518180847167967
0.07469139099121092
0.14264068603515623
0.2344318389892578
0.27806243896484373
0.1822181701660156
0.13954124450683592
0.06849250793457029
0.18245658874511717
0.2413459777832031
0.26471099853515623
0.15861473083496092
0.12642822265624998
0.15503845214843748
0.32932243347167967
0.2864070892333984
0.09042701721191404
0.13095817565917967
0.21774253845214842
0.06706199645996092
0.14168701171874998
0.08446655273437498

