0.07826766967773435
0.11379203796386717
0.23657760620117185
0.2694793701171875
0.21249732971191404
0.15384635925292967
0.09233436584472654
0.11712989807128904
0.17220458984374998
0.24301490783691404
0.2775856018066406
0.19270858764648435
0.14001808166503904
0.06658515930175779
0.17792663574218748
0.24182281494140623
0.2732940673828125
0.15575370788574217
0.1307197570800781
0.17673454284667967
0.3183551788330078
0.31740150451660154
0.08637390136718748
0.13811073303222654
0.22012672424316404
0.07016143798828123
0.17196617126464842
0.07826766967773435

