0.07206878662109373
0.11283836364746092
0.2325244903564453
0.2771087646484375
0.20868263244628904
0.16290626525878904
0.09018859863281248
0.07087669372558592
0.1753040313720703
0.23276290893554685
0.275201416015625
0.18388710021972654
0.1333423614501953
0.07254562377929685
0.1733966827392578
0.24420700073242185
0.2730556488037109
0.15384635925292967
0.13572654724121092
0.2039142608642578
0.3240772247314453
0.3092952728271484
0.08255920410156248
0.1409717559814453
0.21297416687011717
0.0963874816894531
0.16648254394531248
0.07636032104492185

