0.07016143798828123
0.11403045654296873
0.2356239318847656
0.26900253295898435
0.21058998107910154
0.1612373352050781
0.09400329589843748
0.07397613525390623
0.1764961242675781
0.22751770019531248
0.27543983459472654
0.18317184448242185
0.1421638488769531
0.06539306640624998
0.18245658874511717
0.24563751220703123
0.2673336029052734
0.15789947509765623
0.13620338439941404
0.17792663574218748
0.32431564331054685
0.31358680725097654
0.08279762268066404
0.13858757019042967
0.2115436553955078
0.09734115600585935
0.17744979858398435
0.07802925109863279

