0.06491622924804685
0.11093101501464842
0.23347816467285154
0.27424774169921873
0.21130523681640623
0.15885314941406248
0.0906654357910156
0.07445297241210935
0.1695819854736328
0.23467025756835935
0.2699562072753906
0.1886554718017578
0.16433677673339842
0.07874450683593748
0.17864189147949217
0.24182281494140623
0.2649494171142578
0.16028366088867185
0.13477287292480467
0.22751770019531248
0.35364112854003904
0.34148178100585935
0.08708915710449217
0.14001808166503904
0.2146430969238281
0.09424171447753904
0.1707740783691406
0.10806999206542967

