0.06825408935546873
0.11498413085937498
0.2401538848876953
0.2694793701171875
0.21631202697753904
0.15480003356933592
0.09352645874023435
0.0734992980957031
0.18341026306152342
0.24468383789062498
0.2718635559082031
0.1822181701660156
0.13954124450683592
0.0830360412597656
0.18078765869140623
0.24182281494140623
0.2692409515380859
0.1600452423095703
0.13501129150390623
0.1829334259033203
0.33194503784179685
0.320977783203125
0.09114227294921873
0.13668022155761717
0.22584877014160154
0.10258636474609373
0.1753040313720703
0.07898292541503904

