0.0677772521972656
0.09877166748046873
0.2318092346191406
0.2833076477050781
0.20415267944335935
0.15265426635742185
0.0906654357910156
0.06944618225097654
0.1695819854736328
0.22823295593261717
0.2821155548095703
0.18269500732421873
0.16982040405273435
0.07421455383300779
0.17959556579589842
0.2527900695800781
0.27162513732910154
0.16028366088867185
0.1276203155517578
0.22704086303710935
0.3793903350830078
0.36007843017578123
0.0811286926269531
0.13191184997558592
0.21202049255371092
0.10044059753417967
0.17244300842285154
0.1135536193847656

