0.06277046203613279
0.11259994506835935
0.23729286193847654
0.26471099853515623
0.20653686523437498
0.1593299865722656
0.09042701721191404
0.07087669372558592
0.1657672882080078
0.2299018859863281
0.2771087646484375
0.18126449584960935
0.13501129150390623
0.0639625549316406
0.17673454284667967
0.24158439636230467
0.2649494171142578
0.15837631225585935
0.2878376007080078
0.22465667724609373
0.3607936859130859
0.3436275482177734
0.08732757568359373
0.1352497100830078
0.17005882263183592
0.10520896911621092
0.17101249694824217
0.10759315490722654

