0.07230720520019529
0.11569938659667967
0.22966346740722654
0.27210197448730467
0.20796737670898435
0.15646896362304685
0.09304962158203123
0.07683715820312498
0.1707740783691406
0.23395500183105467
0.2699562072753906
0.17983398437499998
0.13286552429199217
0.07230720520019529
0.17411193847656248
0.24492225646972654
0.26447257995605467
0.18197975158691404
0.13501129150390623
0.22441825866699217
0.3488727569580078
0.33456764221191404
0.08518180847167967
0.13596496582031248
0.21750411987304685
0.09901008605957029
0.17625770568847654
0.11069259643554685

