0.06420097351074217
0.1173683166503906
0.23657760620117185
0.2656646728515625
0.2172657012939453
0.15480003356933592
0.0925727844238281
0.06730041503906248
0.1669593811035156
0.2325244903564453
0.2783008575439453
0.1810260772705078
0.15670738220214842
0.07183036804199217
0.17625770568847654
0.24802169799804685
0.26256523132324217
0.1574226379394531
0.12928924560546873
0.22727928161621092
0.35244903564453123
0.3424354553222656
0.08375129699707029
0.1371570587158203
0.21893463134765623
0.09376487731933592
0.16910514831542967
0.11426887512207029

