0.09233436584472654
0.1097389221191406
0.23276290893554685
0.27138671875
0.21106681823730467
0.1555152893066406
0.09567222595214842
0.06873092651367185
0.1745887756347656
0.2325244903564453
0.27853927612304685
0.18078765869140623
0.1390644073486328
0.06753883361816404
0.17411193847656248
0.24945220947265623
0.2711483001708984
0.15575370788574217
0.13572654724121092
0.20224533081054685
0.33122978210449217
0.3119178771972656
0.08851966857910154
0.13882598876953123
0.21202049255371092
0.07683715820312498
0.17554244995117185
0.07779083251953123

