0.06443939208984373
0.11283836364746092
0.22942504882812498
0.27734718322753904
0.20534477233886717
0.16171417236328123
0.08923492431640623
0.07373771667480467
0.17005882263183592
0.24158439636230467
0.2725788116455078
0.18245658874511717
0.13167343139648435
0.0734992980957031
0.17792663574218748
0.24635276794433592
0.2744861602783203
0.1619525909423828
0.1333423614501953
0.2039142608642578
0.3321834564208984
0.3119178771972656
0.09161911010742185
0.14311752319335935
0.21821937561035154
0.09853324890136717
0.17244300842285154
0.07850608825683592

