0.07135353088378904
0.12094459533691404
0.23467025756835935
0.2694793701171875
0.21202049255371092
0.15670738220214842
0.08756599426269529
0.07445297241210935
0.16934356689453123
0.23109397888183592
0.28044662475585935
0.19890747070312498
0.13238868713378904
0.0601478576660156
0.1707740783691406
0.24039230346679685
0.2635189056396484
0.15074691772460935
0.11975250244140623
0.17196617126464842
0.31668624877929685
0.2825923919677734
0.07516822814941404
0.12905082702636717
0.21035156249999998
0.0868507385253906
0.16648254394531248
0.07278404235839842

