0.06300888061523435
0.12213668823242185
0.24182281494140623
0.27043304443359373
0.21821937561035154
0.1593299865722656
0.09495697021484373
0.07206878662109373
0.1791187286376953
0.22704086303710935
0.27043304443359373
0.1810260772705078
0.1383491516113281
0.06730041503906248
0.17768821716308592
0.24444541931152342
0.2656646728515625
0.1612373352050781
0.12738189697265623
0.19866905212402342
0.32574615478515623
0.3145404815673828
0.08351287841796873
0.13238868713378904
0.21392784118652342
0.09734115600585935
0.16624412536621092
0.08470497131347654

