0.06801567077636717
0.11259994506835935
0.24301490783691404
0.28044662475585935
0.21583518981933592
0.15956840515136717
0.09614906311035154
0.07063827514648435
0.17387351989746092
0.23419342041015623
0.27543983459472654
0.18317184448242185
0.14168701171874998
0.06896934509277342
0.17744979858398435
0.25064430236816404
0.2718635559082031
0.15599212646484373
0.13000450134277342
0.17554244995117185
0.32884559631347654
0.3119178771972656
0.08446655273437498
0.13429603576660154
0.21678886413574217
0.10187110900878904
0.1726814270019531
0.08589706420898435

