0.06873092651367185
0.11879882812499998
0.2382465362548828
0.26590309143066404
0.20868263244628904
0.15074691772460935
0.08661231994628904
0.07063827514648435
0.17172775268554685
0.23967704772949217
0.2718635559082031
0.18913230895996092
0.13811073303222654
0.07302246093749998
0.17673454284667967
0.2458759307861328
0.27281723022460935
0.15956840515136717
0.2241798400878906
0.22918663024902342
0.3545948028564453
0.3436275482177734
0.09138069152832029
0.13763389587402342
0.21321258544921873
0.10139427185058592
0.16910514831542967
0.08708915710449217

