0.0658699035644531
0.11212310791015623
0.2344318389892578
0.30595741271972654
0.2077289581298828
0.15599212646484373
0.09138069152832029
0.0734992980957031
0.17101249694824217
0.23276290893554685
0.27973136901855467
0.18174133300781248
0.1371570587158203
0.06873092651367185
0.1772113800048828
0.24563751220703123
0.27210197448730467
0.15646896362304685
0.13119659423828123
0.17220458984374998
0.33647499084472654
0.3150173187255859
0.0887580871582031
0.13763389587402342
0.2501674652099609
0.09591064453124998
0.17291984558105467
0.08780441284179685

