0.06944618225097654
0.11140785217285154
0.23395500183105467
0.26900253295898435
0.20653686523437498
0.15193901062011717
0.12165985107421873
0.06849250793457029
0.17101249694824217
0.2241798400878906
0.2668567657470703
0.18364868164062498
0.15217742919921873
0.06920776367187498
0.1772113800048828
0.24444541931152342
0.2661415100097656
0.15694580078124998
0.12738189697265623
0.22751770019531248
0.34839591979980467
0.3381439208984375
0.08208236694335935
0.13477287292480467
0.21631202697753904
0.09352645874023435
0.17244300842285154
0.10449371337890623

