0.06730041503906248
0.11999092102050779
0.22918663024902342
0.2706714630126953
0.21202049255371092
0.1581378936767578
0.09304962158203123
0.07206878662109373
0.16838989257812498
0.23323974609374998
0.27234039306640623
0.1848407745361328
0.13167343139648435
0.06896934509277342
0.18054924011230467
0.24420700073242185
0.27734718322753904
0.15670738220214842
0.1314350128173828
0.17625770568847654
0.3233619689941406
0.31406364440917967
0.0811286926269531
0.13358078002929685
0.21368942260742185
0.09734115600585935
0.17220458984374998
0.07969818115234373

