0.06658515930175779
0.10926208496093748
0.23586235046386717
0.27019462585449217
0.20987472534179685
0.15694580078124998
0.08613548278808592
0.07230720520019529
0.1733966827392578
0.23586235046386717
0.27424774169921873
0.18388710021972654
0.13000450134277342
0.06634674072265623
0.1803108215332031
0.2451606750488281
0.27019462585449217
0.15313110351562498
0.13119659423828123
0.17291984558105467
0.32622299194335935
0.31167945861816404
0.08947334289550779
0.13930282592773435
0.21225891113281248
0.09376487731933592
0.17244300842285154
0.07874450683593748

