0.06658515930175779
0.12022933959960935
0.2299018859863281
0.2687641143798828
0.2031990051269531
0.15837631225585935
0.08899650573730467
0.06992301940917967
0.17411193847656248
0.2299018859863281
0.2768703460693359
0.18555603027343748
0.14335594177246092
0.0639625549316406
0.18078765869140623
0.24277648925781248
0.27281723022460935
0.1562305450439453
0.1314350128173828
0.19390068054199217
0.3297992706298828
0.3169246673583984
0.09018859863281248
0.1345344543457031
0.22012672424316404
0.1002021789550781
0.1695819854736328
0.07826766967773435

