0.06992301940917967
0.11403045654296873
0.23681602478027342
0.26781044006347654
0.2115436553955078
0.1524158477783203
0.09304962158203123
0.06920776367187498
0.1733966827392578
0.23467025756835935
0.2699562072753906
0.18531761169433592
0.1562305450439453
0.0887580871582031
0.17768821716308592
0.24420700073242185
0.27043304443359373
0.16338310241699217
0.13691864013671873
0.22346458435058592
0.37700614929199217
0.3648468017578125
0.09233436584472654
0.1402565002441406
0.2229877471923828
0.10616264343261717
0.1676746368408203
0.11259994506835935

