0.06420097351074217
0.11116943359374998
0.23991546630859373
0.2718635559082031
0.20677528381347654
0.1574226379394531
0.08756599426269529
0.07516822814941404
0.17029724121093748
0.22441825866699217
0.27138671875
0.1784034729003906
0.16147575378417967
0.06992301940917967
0.18650970458984373
0.2420612335205078
0.2711483001708984
0.1581378936767578
0.13954124450683592
0.22394142150878904
0.35864791870117185
0.33385238647460935
0.09018859863281248
0.13310394287109373
0.21297416687011717
0.09376487731933592
0.16934356689453123
0.11093101501464842

