0.06896934509277342
0.11903724670410154
0.2382465362548828
0.2737709045410156
0.21035156249999998
0.1581378936767578
0.08232078552246092
0.08041343688964842
0.17315826416015623
0.2337165832519531
0.2768703460693359
0.18579444885253904
0.1345344543457031
0.07373771667480467
0.17768821716308592
0.2458759307861328
0.2897449493408203
0.16338310241699217
0.1371570587158203
0.17744979858398435
0.32884559631347654
0.2909370422363281
0.08732757568359373
0.13620338439941404
0.21631202697753904
0.06896934509277342
0.1733966827392578
0.08375129699707029

