0.0658699035644531
0.11259994506835935
0.23204765319824217
0.26900253295898435
0.21106681823730467
0.15956840515136717
0.10115585327148435
0.07492980957031248
0.17744979858398435
0.22918663024902342
0.26709518432617185
0.18722496032714842
0.16076049804687498
0.07659873962402342
0.17935714721679685
0.24444541931152342
0.26971778869628904
0.1612373352050781
0.13310394287109373
0.22727928161621092
0.35244903564453123
0.33647499084472654
0.08899650573730467
0.13668022155761717
0.21321258544921873
0.09996376037597654
0.1695819854736328
0.10806999206542967

