0.0696846008300781
0.11665306091308592
0.23109397888183592
0.2687641143798828
0.21106681823730467
0.15766105651855467
0.09018859863281248
0.06730041503906248
0.18007240295410154
0.23276290893554685
0.2744861602783203
0.18078765869140623
0.15480003356933592
0.06539306640624998
0.1848407745361328
0.24229965209960935
0.2635189056396484
0.15694580078124998
0.1307197570800781
0.23109397888183592
0.35817108154296873
0.3340908050537109
0.0849433898925781
0.12595138549804685
0.21798095703124998
0.09519538879394529
0.1726814270019531
0.10902366638183592

