0.06801567077636717
0.11474571228027342
0.22894821166992185
0.2768703460693359
0.20939788818359373
0.15837631225585935
0.08947334289550779
0.07326087951660154
0.17744979858398435
0.22465667724609373
0.2725788116455078
0.1860328674316406
0.13286552429199217
0.0696846008300781
0.17935714721679685
0.23776969909667967
0.26709518432617185
0.15074691772460935
0.13596496582031248
0.22537193298339842
0.38272819519042967
0.3405281066894531
0.08828124999999998
0.13167343139648435
0.21416625976562498
0.09924850463867185
0.17053565979003904
0.10616264343261717

