0.0582405090332031
0.10306320190429685
0.22513351440429685
0.2573200225830078
0.2051063537597656
0.14574012756347654
0.09805641174316404
0.07087669372558592
0.17005882263183592
0.23514709472656248
0.2744861602783203
0.18460235595703123
0.1383491516113281
0.07326087951660154
0.18317184448242185
0.23920021057128904
0.2725788116455078
0.15527687072753904
0.13882598876953123
0.23037872314453123
0.3576942443847656
0.3321834564208984
0.08756599426269529
0.13095817565917967
0.21821937561035154
0.0963874816894531
0.1726814270019531
0.11283836364746092

