0.06896934509277342
0.11331520080566404
0.23872337341308592
0.26852569580078123
0.2096363067626953
0.15956840515136717
0.08708915710449217
0.07111511230468748
0.17744979858398435
0.2268024444580078
0.28044662475585935
0.1879402160644531
0.1574226379394531
0.06801567077636717
0.1791187286376953
0.23729286193847654
0.26709518432617185
0.15313110351562498
0.13668022155761717
0.2268024444580078
0.3545948028564453
0.3348060607910156
0.08518180847167967
0.14144859313964842
0.22346458435058592
0.09567222595214842
0.16719779968261717
0.10806999206542967

