0.06467781066894529
0.12714347839355467
0.2306171417236328
0.26590309143066404
0.20725212097167967
0.15670738220214842
0.08923492431640623
0.06730041503906248
0.16934356689453123
0.22823295593261717
0.27400932312011717
0.18341026306152342
0.15694580078124998
0.06348571777343748
0.17864189147949217
0.24301490783691404
0.26471099853515623
0.15217742919921873
0.13477287292480467
0.21821937561035154
0.38535079956054685
0.359124755859375
0.08089027404785154
0.13691864013671873
0.21368942260742185
0.09877166748046873
0.17220458984374998
0.1135536193847656

