0.06348571777343748
0.1135536193847656
0.23419342041015623
0.267572021484375
0.2134510040283203
0.15861473083496092
0.08851966857910154
0.07278404235839842
0.1707740783691406
0.2248950958251953
0.26900253295898435
0.17935714721679685
0.15646896362304685
0.06682357788085935
0.17482719421386717
0.24373016357421873
0.26781044006347654
0.15718421936035154
0.13858757019042967
0.2241798400878906
0.3531642913818359
0.33647499084472654
0.09138069152832029
0.1352497100830078
0.2165504455566406
0.09328804016113279
0.17220458984374998
0.10711631774902342

