0.062293624877929665
0.10902366638183592
0.23848495483398435
0.27019462585449217
0.21178207397460935
0.15408477783203123
0.08565864562988279
0.06825408935546873
0.17578086853027342
0.22441825866699217
0.27019462585449217
0.17768821716308592
0.16099891662597654
0.06873092651367185
0.17506561279296873
0.23967704772949217
0.26471099853515623
0.15694580078124998
0.13119659423828123
0.21869621276855467
0.37390670776367185
0.3607936859130859
0.08708915710449217
0.13286552429199217
0.21368942260742185
0.0944801330566406
0.17196617126464842
0.1097389221191406

