0.0677772521972656
0.11021575927734373
0.23705444335937498
0.2725788116455078
0.21178207397460935
0.16052207946777342
0.08804283142089842
0.07445297241210935
0.17506561279296873
0.23037872314453123
0.27162513732910154
0.18460235595703123
0.1383491516113281
0.06873092651367185
0.1772113800048828
0.25445899963378904
0.27424774169921873
0.15718421936035154
0.13787231445312498
0.17601928710937498
0.32622299194335935
0.29117546081542967
0.09710273742675779
0.1371570587158203
0.21798095703124998
0.07087669372558592
0.16672096252441404
0.08422813415527342

