0.06682357788085935
0.11784515380859373
0.23300132751464842
0.2749629974365234
0.21058998107910154
0.15885314941406248
0.09495697021484373
0.0715919494628906
0.1714893341064453
0.23037872314453123
0.27281723022460935
0.1822181701660156
0.13048133850097654
0.07039985656738279
0.17578086853027342
0.24086914062499998
0.2732940673828125
0.16076049804687498
0.12738189697265623
0.2268024444580078
0.32383880615234373
0.3245540618896484
0.08589706420898435
0.13596496582031248
0.21202049255371092
0.09686431884765623
0.17315826416015623
0.10759315490722654

