0.06682357788085935
0.10878524780273435
0.2325244903564453
0.27543983459472654
0.21035156249999998
0.15670738220214842
0.09304962158203123
0.07707557678222654
0.22131881713867185
0.23109397888183592
0.2821155548095703
0.18555603027343748
0.13358078002929685
0.06706199645996092
0.1803108215332031
0.24754486083984373
0.27043304443359373
0.1536079406738281
0.13977966308593748
0.17482719421386717
0.32479248046875
0.28354606628417967
0.08542022705078123
0.13048133850097654
0.21488151550292967
0.11259994506835935
0.1688667297363281
0.08327445983886717

