0.0658699035644531
0.11069259643554685
0.23085556030273435
0.2718635559082031
0.20844421386718748
0.1581378936767578
0.08613548278808592
0.07206878662109373
0.17482719421386717
0.2279945373535156
0.27162513732910154
0.1822181701660156
0.1600452423095703
0.0715919494628906
0.18507919311523435
0.23896179199218748
0.2635189056396484
0.16266784667968748
0.12905082702636717
0.22370300292968748
0.3607936859130859
0.3379055023193359
0.08613548278808592
0.13811073303222654
0.21774253845214842
0.09376487731933592
0.16433677673339842
0.11021575927734373

