0.07063827514648435
0.11856040954589842
0.23228607177734373
0.26709518432617185
0.21368942260742185
0.15503845214843748
0.09281120300292967
0.06825408935546873
0.16910514831542967
0.23085556030273435
0.2775856018066406
0.18364868164062498
0.15527687072753904
0.0658699035644531
0.18317184448242185
0.24182281494140623
0.2687641143798828
0.15456161499023435
0.13429603576660154
0.2299018859863281
0.3569789886474609
0.3379055023193359
0.09161911010742185
0.13048133850097654
0.21750411987304685
0.10234794616699217
0.1707740783691406
0.11045417785644529

