0.06944618225097654
0.11760673522949217
0.23705444335937498
0.2771087646484375
0.20725212097167967
0.15837631225585935
0.09185752868652342
0.0715919494628906
0.1714893341064453
0.22918663024902342
0.26709518432617185
0.1822181701660156
0.15265426635742185
0.0677772521972656
0.17792663574218748
0.2470680236816406
0.26590309143066404
0.15766105651855467
0.13358078002929685
0.22465667724609373
0.35101852416992185
0.3379055023193359
0.08184394836425779
0.13811073303222654
0.21559677124023435
0.10187110900878904
0.17482719421386717
0.11116943359374998

