0.06706199645996092
0.11426887512207029
0.23514709472656248
0.27543983459472654
0.21035156249999998
0.15480003356933592
0.09209594726562498
0.06658515930175779
0.17196617126464842
0.2279945373535156
0.27210197448730467
0.1848407745361328
0.1326271057128906
0.06992301940917967
0.1791187286376953
0.23991546630859373
0.26709518432617185
0.15670738220214842
0.13095817565917967
0.22394142150878904
0.35364112854003904
0.33122978210449217
0.08375129699707029
0.1345344543457031
0.21392784118652342
0.10282478332519529
0.16982040405273435
0.11116943359374998

