0.0792213439941406
0.11403045654296873
0.24301490783691404
0.26781044006347654
0.2070137023925781
0.15408477783203123
0.08947334289550779
0.07397613525390623
0.17983398437499998
0.2325244903564453
0.2725788116455078
0.18126449584960935
0.17315826416015623
0.06992301940917967
0.17601928710937498
0.23776969909667967
0.26518783569335935
0.15503845214843748
0.13286552429199217
0.2222724914550781
0.3534027099609375
0.3379055023193359
0.0963874816894531
0.14049491882324217
0.21988830566406248
0.09853324890136717
0.17291984558105467
0.11403045654296873

