0.06253204345703123
0.1192756652832031
0.2382465362548828
0.2749629974365234
0.20987472534179685
0.16266784667968748
0.09400329589843748
0.07612190246582029
0.17005882263183592
0.23776969909667967
0.27138671875
0.18722496032714842
0.13977966308593748
0.08923492431640623
0.1879402160644531
0.24444541931152342
0.26590309143066404
0.15980682373046873
0.13119659423828123
0.22918663024902342
0.3779598236083984
0.36746940612792967
0.09209594726562498
0.1371570587158203
0.22394142150878904
0.10234794616699217
0.17482719421386717
0.10854682922363279

