0.062293624877929665
0.10997734069824217
0.23085556030273435
0.27281723022460935
0.20248374938964842
0.15193901062011717
0.08708915710449217
0.06372413635253904
0.17315826416015623
0.2191730499267578
0.27973136901855467
0.18436393737792967
0.14144859313964842
0.07039985656738279
0.17506561279296873
0.24110755920410154
0.26781044006347654
0.15885314941406248
0.13119659423828123
0.22584877014160154
0.35054168701171873
0.3309913635253906
0.09304962158203123
0.13405761718749998
0.21583518981933592
0.09877166748046873
0.17220458984374998
0.10759315490722654

