0.06634674072265623
0.11951408386230467
0.23467025756835935
0.2718635559082031
0.21774253845214842
0.15837631225585935
0.08947334289550779
0.07755241394042967
0.17435035705566404
0.22942504882812498
0.2730556488037109
0.1879402160644531
0.1390644073486328
0.06753883361816404
0.1829334259033203
0.26280364990234373
0.27043304443359373
0.16624412536621092
0.1307197570800781
0.19413909912109373
0.33719024658203123
0.31477890014648435
0.08160552978515623
0.13763389587402342
0.26828727722167967
0.09781799316406248
0.17482719421386717
0.07850608825683592

