0.06658515930175779
0.11426887512207029
0.24229965209960935
0.2730556488037109
0.20820579528808592
0.15980682373046873
0.08851966857910154
0.07397613525390623
0.1688667297363281
0.22966346740722654
0.27234039306640623
0.17888031005859373
0.13787231445312498
0.06658515930175779
0.17816505432128904
0.24229965209960935
0.2680488586425781
0.1600452423095703
0.1333423614501953
0.20343742370605467
0.33528289794921873
0.3119178771972656
0.08756599426269529
0.13358078002929685
0.21678886413574217
0.10163269042968748
0.17387351989746092
0.10616264343261717

