0.06157836914062498
0.11712989807128904
0.23204765319824217
0.2756782531738281
0.21392784118652342
0.1562305450439453
0.09138069152832029
0.07206878662109373
0.17005882263183592
0.2268024444580078
0.27973136901855467
0.18197975158691404
0.17315826416015623
0.06873092651367185
0.1829334259033203
0.24468383789062498
0.2642341613769531
0.15885314941406248
0.12738189697265623
0.22131881713867185
0.3729530334472656
0.36436996459960935
0.0849433898925781
0.1421638488769531
0.21440467834472654
0.09471855163574217
0.16624412536621092
0.10997734069824217

