0.06634674072265623
0.10926208496093748
0.23896179199218748
0.2694793701171875
0.20939788818359373
0.16028366088867185
0.09018859863281248
0.07707557678222654
0.16910514831542967
0.23395500183105467
0.2656646728515625
0.18341026306152342
0.13167343139648435
0.06634674072265623
0.17482719421386717
0.24468383789062498
0.26781044006347654
0.15599212646484373
0.13501129150390623
0.22322616577148435
0.3519721984863281
0.3607936859130859
0.0811286926269531
0.13882598876953123
0.21416625976562498
0.09400329589843748
0.1631446838378906
0.10902366638183592

