0.06849250793457029
0.11808357238769529
0.24158439636230467
0.27472457885742185
0.19318542480468748
0.16147575378417967
0.08780441284179685
0.08232078552246092
0.16266784667968748
0.23490867614746092
0.2809234619140625
0.1860328674316406
0.14383277893066404
0.07183036804199217
0.1841255187988281
0.2420612335205078
0.275201416015625
0.15861473083496092
0.14240226745605467
0.1784034729003906
0.32360038757324217
0.29141387939453123
0.08446655273437498
0.13882598876953123
0.21678886413574217
0.07278404235839842
0.17125091552734373
0.08899650573730467

