0.06801567077636717
0.11832199096679685
0.2413459777832031
0.2732940673828125
0.21106681823730467
0.15456161499023435
0.0849433898925781
0.07063827514648435
0.17792663574218748
0.22847137451171873
0.2718635559082031
0.18531761169433592
0.13405761718749998
0.06658515930175779
0.17411193847656248
0.2458759307861328
0.2711483001708984
0.16409835815429685
0.1307197570800781
0.17816505432128904
0.32431564331054685
0.31024894714355467
0.09114227294921873
0.1352497100830078
0.21988830566406248
0.06920776367187498
0.1745887756347656
0.08065185546874998

