0.06730041503906248
0.12022933959960935
0.23419342041015623
0.2756782531738281
0.2127357482910156
0.16076049804687498
0.09090385437011717
0.07373771667480467
0.1772113800048828
0.2356239318847656
0.29761276245117185
0.18174133300781248
0.14121017456054685
0.06610832214355467
0.1772113800048828
0.24468383789062498
0.27234039306640623
0.16290626525878904
0.13119659423828123
0.17673454284667967
0.32312355041503904
0.31859359741210935
0.08708915710449217
0.1333423614501953
0.21941146850585935
0.0754066467285156
0.17315826416015623
0.08375129699707029

