0.06467781066894529
0.12189826965332029
0.24373016357421873
0.26781044006347654
0.20653686523437498
0.15599212646484373
0.08780441284179685
0.07039985656738279
0.17363510131835935
0.2077289581298828
0.27591667175292967
0.18341026306152342
0.1638599395751953
0.0696846008300781
0.21392784118652342
0.25183639526367185
0.2692409515380859
0.1638599395751953
0.14264068603515623
0.23276290893554685
0.35554847717285154
0.34338912963867185
0.09424171447753904
0.13882598876953123
0.22131881713867185
0.09424171447753904
0.1745887756347656
0.11188468933105467

