0.06324729919433592
0.11808357238769529
0.24158439636230467
0.26900253295898435
0.21106681823730467
0.15646896362304685
0.08565864562988279
0.0734992980957031
0.1753040313720703
0.23300132751464842
0.27734718322753904
0.18269500732421873
0.13739547729492185
0.0696846008300781
0.17792663574218748
0.24253807067871092
0.26471099853515623
0.1562305450439453
0.1269050598144531
0.23347816467285154
0.35364112854003904
0.34076652526855467
0.08398971557617185
0.13811073303222654
0.2191730499267578
0.07469139099121092
0.17196617126464842
0.10830841064453123

