0.06920776367187498
0.09805641174316404
0.23514709472656248
0.2687641143798828
0.21011314392089842
0.1650520324707031
0.08995018005371092
0.07302246093749998
0.20224533081054685
0.22632560729980467
0.2680488586425781
0.19127807617187498
0.16028366088867185
0.0696846008300781
0.16719779968261717
0.24682960510253904
0.26590309143066404
0.16290626525878904
0.13405761718749998
0.22775611877441404
0.3762908935546875
0.3686614990234375
0.08971176147460935
0.13405761718749998
0.2210803985595703
0.10306320190429685
0.17125091552734373
0.1116462707519531

