0.06277046203613279
0.11331520080566404
0.2420612335205078
0.2706714630126953
0.21058998107910154
0.1638599395751953
0.09138069152832029
0.07016143798828123
0.17768821716308592
0.23467025756835935
0.27400932312011717
0.17959556579589842
0.13930282592773435
0.06849250793457029
0.1803108215332031
0.24158439636230467
0.27043304443359373
0.1581378936767578
0.13691864013671873
0.22394142150878904
0.3762908935546875
0.3684230804443359
0.08708915710449217
0.13787231445312498
0.21368942260742185
0.09781799316406248
0.17220458984374998
0.11498413085937498

