0.06849250793457029
0.11236152648925779
0.23037872314453123
0.27043304443359373
0.2031990051269531
0.15599212646484373
0.08708915710449217
0.0677772521972656
0.16743621826171873
0.2306171417236328
0.27090988159179685
0.17935714721679685
0.16028366088867185
0.06634674072265623
0.1753040313720703
0.24063072204589842
0.26518783569335935
0.19580802917480467
0.13000450134277342
0.22251091003417967
0.37891349792480467
0.359124755859375
0.08375129699707029
0.14073333740234373
0.21821937561035154
0.10091743469238279
0.17244300842285154
0.10544738769531248

