0.06348571777343748
0.1135536193847656
0.22966346740722654
0.27138671875
0.20939788818359373
0.15670738220214842
0.0944801330566406
0.07111511230468748
0.17244300842285154
0.22537193298339842
0.26900253295898435
0.18317184448242185
0.13477287292480467
0.0696846008300781
0.17744979858398435
0.24492225646972654
0.27210197448730467
0.16052207946777342
0.1288124084472656
0.22179565429687498
0.35411796569824217
0.3183551788330078
0.08613548278808592
0.12785873413085935
0.2153583526611328
0.09495697021484373
0.17625770568847654
0.11307678222656248

