0.06467781066894529
0.11641464233398435
0.2382465362548828
0.2699562072753906
0.2077289581298828
0.16052207946777342
0.09352645874023435
0.07516822814941404
0.1726814270019531
0.22918663024902342
0.2756782531738281
0.1898475646972656
0.13977966308593748
0.06896934509277342
0.17053565979003904
0.24110755920410154
0.2744861602783203
0.1555152893066406
0.1555152893066406
0.17744979858398435
0.3302761077880859
0.31930885314941404
0.08661231994628904
0.13381919860839842
0.21488151550292967
0.07230720520019529
0.16934356689453123
0.08327445983886717

