0.05990943908691404
0.11784515380859373
0.23729286193847654
0.27281723022460935
0.2108283996582031
0.16171417236328123
0.0925727844238281
0.06706199645996092
0.1714893341064453
0.25517425537109373
0.27806243896484373
0.16076049804687498
0.1657672882080078
0.07707557678222654
0.1772113800048828
0.24229965209960935
0.26447257995605467
0.15909156799316404
0.1364418029785156
0.22465667724609373
0.3832050323486328
0.3607936859130859
0.08947334289550779
0.1295276641845703
0.21964988708496092
0.10234794616699217
0.17506561279296873
0.11259994506835935

