0.06467781066894529
0.1135536193847656
0.23872337341308592
0.275201416015625
0.2096363067626953
0.1524158477783203
0.08851966857910154
0.07087669372558592
0.17506561279296873
0.23228607177734373
0.2730556488037109
0.18889389038085935
0.13882598876953123
0.0696846008300781
0.1803108215332031
0.24039230346679685
0.2725788116455078
0.15694580078124998
0.13358078002929685
0.17411193847656248
0.3283687591552734
0.3214546203613281
0.09042701721191404
0.14168701171874998
0.21511993408203123
0.10377845764160154
0.17363510131835935
0.08208236694335935

