0.07016143798828123
0.11522254943847654
0.23276290893554685
0.2661415100097656
0.21249732971191404
0.15575370788574217
0.08899650573730467
0.08995018005371092
0.17411193847656248
0.22775611877441404
0.27210197448730467
0.18627128601074217
0.13405761718749998
0.0677772521972656
0.1784034729003906
0.2413459777832031
0.2649494171142578
0.16242942810058592
0.13405761718749998
0.19843063354492185
0.35173377990722654
0.31430206298828123
0.0868507385253906
0.13787231445312498
0.21249732971191404
0.1021095275878906
0.17101249694824217
0.10640106201171873

