0.06515464782714842
0.11283836364746092
0.23467025756835935
0.2706714630126953
0.21488151550292967
0.16266784667968748
0.08923492431640623
0.06825408935546873
0.17172775268554685
0.23014030456542967
0.2706714630126953
0.18317184448242185
0.15885314941406248
0.07111511230468748
0.17315826416015623
0.24158439636230467
0.2699562072753906
0.1600452423095703
0.1333423614501953
0.21798095703124998
0.3851123809814453
0.3607936859130859
0.08041343688964842
0.13501129150390623
0.21559677124023435
0.10234794616699217
0.16672096252441404
0.10640106201171873

