0.06277046203613279
0.11522254943847654
0.2325244903564453
0.27019462585449217
0.2070137023925781
0.1562305450439453
0.09424171447753904
0.07206878662109373
0.1688667297363281
0.23014030456542967
0.3302761077880859
0.18579444885253904
0.15408477783203123
0.06348571777343748
0.17196617126464842
0.24444541931152342
0.26709518432617185
0.16457519531249998
0.13310394287109373
0.22584877014160154
0.3557868957519531
0.33337554931640623
0.08279762268066404
0.13286552429199217
0.21869621276855467
0.10067901611328123
0.16529045104980467
0.11403045654296873

