0.06372413635253904
0.11641464233398435
0.20367584228515623
0.27543983459472654
0.2058216094970703
0.15575370788574217
0.09185752868652342
0.07397613525390623
0.17625770568847654
0.23586235046386717
0.275201416015625
0.1848407745361328
0.13620338439941404
0.07373771667480467
0.1753040313720703
0.2432533264160156
0.2673336029052734
0.1574226379394531
0.1574226379394531
0.17506561279296873
0.32193145751953123
0.3100105285644531
0.08542022705078123
0.13381919860839842
0.2096363067626953
0.07063827514648435
0.17315826416015623
0.08136711120605467

