0.06873092651367185
0.1154609680175781
0.23848495483398435
0.26900253295898435
0.20534477233886717
0.15456161499023435
0.08923492431640623
0.07302246093749998
0.17125091552734373
0.23538551330566404
0.27043304443359373
0.1791187286376953
0.12857398986816404
0.0715919494628906
0.17768821716308592
0.24063072204589842
0.2668567657470703
0.16171417236328123
0.12905082702636717
0.19080123901367185
0.33003768920898435
0.313348388671875
0.0830360412597656
0.13358078002929685
0.21988830566406248
0.09948692321777342
0.1726814270019531
0.07779083251953123

