0.07469139099121092
0.21559677124023435
0.3042884826660156
0.3412433624267578
0.26637992858886717
0.23657760620117185
0.1173683166503906
0.09185752868652342
0.15003166198730467
0.2694793701171875
0.3793903350830078
0.23467025756835935
0.14311752319335935
0.06253204345703123
0.13739547729492185
0.21893463134765623
0.30285797119140623
0.18770179748535154
0.19914588928222654
0.2566047668457031
0.4518695831298828
0.4599758148193359
0.09209594726562498
0.13858757019042967
0.21941146850585935
0.1230903625488281
0.2535053253173828
0.13119659423828123

