0.08470497131347654
0.2089210510253906
0.30214271545410154
0.3455348968505859
0.2668567657470703
0.23419342041015623
0.10950050354003904
0.08375129699707029
0.15313110351562498
0.2744861602783203
0.3755756378173828
0.23109397888183592
0.13691864013671873
0.06467781066894529
0.12928924560546873
0.22394142150878904
0.298089599609375
0.20915946960449217
0.18889389038085935
0.29904327392578123
0.5167194366455079
0.48644027709960935
0.09901008605957029
0.15289268493652342
0.22322616577148435
0.12189826965332029
0.22775611877441404
0.13930282592773435

