0.08279762268066404
0.20987472534179685
0.3092952728271484
0.3462501525878906
0.27043304443359373
0.2394386291503906
0.09328804016113279
0.08518180847167967
0.15265426635742185
0.27400932312011717
0.36007843017578123
0.2337165832519531
0.13739547729492185
0.05704841613769529
0.13668022155761717
0.2229877471923828
0.3004737854003906
0.20820579528808592
0.19890747070312498
0.25302848815917967
0.45282325744628904
0.458306884765625
0.09853324890136717
0.13930282592773435
0.21869621276855467
0.12237510681152342
0.24611434936523435
0.13620338439941404

