0.09376487731933592
0.13215026855468748
0.2451606750488281
0.32479248046875
0.2451606750488281
0.21631202697753904
0.09543380737304685
0.09424171447753904
0.20629844665527342
0.28116188049316404
0.3832050323486328
0.22179565429687498
0.14073333740234373
0.0620552062988281
0.14359436035156248
0.2401538848876953
0.30405006408691404
0.20081481933593748
0.1440711975097656
0.23419342041015623
0.36389312744140623
0.3901191711425781
0.09614906311035154
0.1390644073486328
0.22394142150878904
0.09686431884765623
0.18007240295410154
0.10663948059082029

