0.0792213439941406
0.2058216094970703
0.28998336791992185
0.32622299194335935
0.26089630126953123
0.21225891113281248
0.08589706420898435
0.08470497131347654
0.15384635925292967
0.26971778869628904
0.3812976837158203
0.21035156249999998
0.1371570587158203
0.06324729919433592
0.1390644073486328
0.24182281494140623
0.301904296875
0.20462951660156248
0.17959556579589842
0.25183639526367185
0.40251693725585935
0.41276893615722654
0.09281120300292967
0.13977966308593748
0.21869621276855467
0.09543380737304685
0.20176849365234373
0.10091743469238279

