0.08661231994628904
0.17554244995117185
0.28545341491699217
0.32240829467773435
0.27663192749023435
0.22155723571777342
0.0906654357910156
0.08804283142089842
0.15336952209472654
0.27281723022460935
0.3870197296142578
0.21035156249999998
0.1428791046142578
0.06467781066894529
0.1428791046142578
0.2477832794189453
0.3073879241943359
0.19342384338378904
0.15527687072753904
0.22775611877441404
0.3939338684082031
0.39417228698730467
0.09948692321777342
0.1402565002441406
0.22561035156249998
0.10497055053710935
0.20343742370605467
0.10759315490722654

