0.07850608825683592
0.21607360839843748
0.2859302520751953
0.3455348968505859
0.26661834716796873
0.24849853515624998
0.0887580871582031
0.08398971557617185
0.1543231964111328
0.2749629974365234
0.37843666076660154
0.20987472534179685
0.14264068603515623
0.07469139099121092
0.1371570587158203
0.22775611877441404
0.3042884826660156
0.21035156249999998
0.17053565979003904
0.24921379089355467
0.4046627044677734
0.4347034454345703
0.12547454833984373
0.13405761718749998
0.22751770019531248
0.10044059753417967
0.2287097930908203
0.13572654724121092

