0.07206878662109373
0.2058216094970703
0.2768703460693359
0.34648857116699217
0.2687641143798828
0.23800811767578123
0.11856040954589842
0.08923492431640623
0.14812431335449217
0.275201416015625
0.3767677307128906
0.2318092346191406
0.13477287292480467
0.057525253295898415
0.13763389587402342
0.22894821166992185
0.3030963897705078
0.23204765319824217
0.19866905212402342
0.25827369689941404
0.43613395690917967
0.4556842803955078
0.09805641174316404
0.13572654724121092
0.2222724914550781
0.1211830139160156
0.25064430236816404
0.13024291992187498

