0.08089027404785154
0.20915946960449217
0.28116188049316404
0.3469654083251953
0.26280364990234373
0.20939788818359373
0.09161911010742185
0.08923492431640623
0.15074691772460935
0.27353248596191404
0.3741451263427734
0.20987472534179685
0.14049491882324217
0.0601478576660156
0.13977966308593748
0.2394386291503906
0.2999969482421875
0.22775611877441404
0.1764961242675781
0.25445899963378904
0.4060932159423828
0.40704689025878904
0.09901008605957029
0.1390644073486328
0.21869621276855467
0.09543380737304685
0.2241798400878906
0.13000450134277342

