0.08780441284179685
0.1841255187988281
0.28354606628417967
0.3305145263671875
0.2635189056396484
0.21559677124023435
0.10330162048339842
0.08899650573730467
0.1524158477783203
0.27806243896484373
0.389642333984375
0.21106681823730467
0.14454803466796873
0.07588348388671873
0.14049491882324217
0.24754486083984373
0.31048736572265623
0.21416625976562498
0.15527687072753904
0.25302848815917967
0.3843971252441406
0.3812976837158203
0.10425529479980467
0.14049491882324217
0.2260871887207031
0.10544738769531248
0.20272216796874998
0.0982948303222656

