0.07683715820312498
0.17482719421386717
0.2935596466064453
0.31811676025390623
0.2985664367675781
0.21893463134765623
0.08589706420898435
0.0906654357910156
0.15456161499023435
0.27210197448730467
0.37652931213378904
0.2077289581298828
0.14073333740234373
0.06348571777343748
0.1345344543457031
0.24039230346679685
0.29522857666015623
0.20915946960449217
0.17125091552734373
0.2558895111083984
0.38582763671875
0.40561637878417967
0.09901008605957029
0.06110153198242185
0.21821937561035154
0.09567222595214842
0.20105323791503904
0.10139427185058592

