0.10830841064453123
0.23157081604003904
0.43112716674804685
0.3648468017578125
0.359124755859375
0.2573200225830078
0.14764747619628904
0.08661231994628904
0.17864189147949217
0.2616115570068359
0.29642066955566404
0.21178207397460935
0.13572654724121092
0.08613548278808592
0.1364418029785156
0.20081481933593748
0.30142745971679685
0.17792663574218748
0.1581378936767578
0.2921291351318359
0.7713504791259767
0.44590911865234373
0.09161911010742185
0.14168701171874998
0.21416625976562498
0.15289268493652342
0.15861473083496092
0.09686431884765623

