0.12809715270996092
0.2299018859863281
0.4275508880615234
0.3729530334472656
0.2809234619140625
0.23228607177734373
0.11188468933105467
0.08756599426269529
0.17816505432128904
0.25374374389648435
0.29451332092285154
0.21178207397460935
0.14049491882324217
0.08732757568359373
0.14192543029785154
0.20057640075683592
0.29713592529296873
0.18507919311523435
0.15980682373046873
0.2616115570068359
0.639266586303711
0.3958412170410156
0.09734115600585935
0.13572654724121092
0.21893463134765623
0.11379203796386717
0.15766105651855467
0.09757957458496092

