0.10306320190429685
0.23657760620117185
0.42993507385253904
0.37652931213378904
0.36246261596679685
0.24492225646972654
0.11236152648925779
0.08065185546874998
0.17315826416015623
0.2661415100097656
0.2940364837646484
0.2146430969238281
0.1276203155517578
0.0887580871582031
0.1333423614501953
0.1962848663330078
0.30261955261230467
0.18364868164062498
0.15909156799316404
0.28235397338867185
0.7403560638427735
0.42302093505859373
0.0906654357910156
0.14144859313964842
0.22274932861328123
0.12142143249511717
0.19866905212402342
0.09018859863281248

