0.12595138549804685
0.23514709472656248
0.42731246948242185
0.36508522033691404
0.29427490234375
0.2325244903564453
0.11474571228027342
0.08756599426269529
0.17816505432128904
0.27043304443359373
0.29642066955566404
0.27090988159179685
0.1383491516113281
0.08804283142089842
0.13596496582031248
0.1917549133300781
0.3042884826660156
0.1829334259033203
0.15265426635742185
0.2623268127441406
0.6440349578857423
0.39369544982910154
0.0963874816894531
0.13119659423828123
0.21774253845214842
0.11665306091308592
0.15956840515136717
0.09471855163574217

