0.12928924560546873
0.22847137451171873
0.4237361907958984
0.36937675476074217
0.34219703674316404
0.23037872314453123
0.11712989807128904
0.08232078552246092
0.17959556579589842
0.26637992858886717
0.29427490234375
0.20820579528808592
0.13572654724121092
0.08828124999999998
0.1333423614501953
0.19390068054199217
0.30452690124511717
0.17792663574218748
0.15527687072753904
0.25946578979492185
0.715560531616211
0.42278251647949217
0.09018859863281248
0.13977966308593748
0.2222724914550781
0.11975250244140623
0.15956840515136717
0.09209594726562498

