0.13095817565917967
0.23133239746093748
0.46283683776855467
0.37462196350097654
0.28116188049316404
0.23705444335937498
0.12142143249511717
0.09281120300292967
0.18245658874511717
0.2725788116455078
0.35364112854003904
0.21225891113281248
0.1409717559814453
0.09304962158203123
0.13477287292480467
0.1993843078613281
0.30476531982421873
0.1822181701660156
0.15909156799316404
0.25755844116210935
0.6609626770019532
0.38868865966796873
0.08780441284179685
0.13930282592773435
0.2191730499267578
0.1211830139160156
0.15503845214843748
0.09591064453124998

