0.12976608276367185
0.2279945373535156
0.43041191101074217
0.37271461486816404
0.33885917663574217
0.2306171417236328
0.10854682922363279
0.08589706420898435
0.18174133300781248
0.27043304443359373
0.2928443908691406
0.20987472534179685
0.13405761718749998
0.08780441284179685
0.13429603576660154
0.20081481933593748
0.301904296875
0.1791187286376953
0.15956840515136717
0.2604194641113281
0.7100769042968751
0.41920623779296873
0.09376487731933592
0.13811073303222654
0.21988830566406248
0.11808357238769529
0.15646896362304685
0.0944801330566406

