0.10616264343261717
0.22847137451171873
0.41920623779296873
0.36746940612792967
0.36365470886230467
0.23729286193847654
0.11045417785644529
0.08279762268066404
0.17959556579589842
0.2725788116455078
0.36961517333984373
0.20629844665527342
0.13381919860839842
0.08899650573730467
0.12905082702636717
0.19914588928222654
0.2973743438720703
0.18555603027343748
0.15289268493652342
0.25827369689941404
0.7348724365234376
0.4144378662109375
0.0944801330566406
0.1364418029785156
0.21368942260742185
0.11784515380859373
0.15027008056640623
0.08565864562988279

