0.10234794616699217
0.23228607177734373
0.42111358642578123
0.3684230804443359
0.36246261596679685
0.2325244903564453
0.11140785217285154
0.08160552978515623
0.17101249694824217
0.27043304443359373
0.2959438323974609
0.20868263244628904
0.13668022155761717
0.08971176147460935
0.13477287292480467
0.2000995635986328
0.3004737854003906
0.18460235595703123
0.1562305450439453
0.282830810546875
0.7692047119140626
0.44686279296875
0.08971176147460935
0.13787231445312498
0.21511993408203123
0.1447864532470703
0.1555152893066406
0.09877166748046873

