0.12857398986816404
0.22727928161621092
0.42683563232421873
0.37009201049804685
0.2744861602783203
0.23157081604003904
0.11236152648925779
0.08351287841796873
0.1791187286376953
0.27043304443359373
0.29499015808105467
0.2153583526611328
0.12976608276367185
0.09424171447753904
0.1364418029785156
0.19723854064941404
0.301904296875
0.1829334259033203
0.15575370788574217
0.25302848815917967
0.6385513305664063
0.39822540283203123
0.0906654357910156
0.13501129150390623
0.2115436553955078
0.11498413085937498
0.1619525909423828
0.09138069152832029

