0.13095817565917967
0.23276290893554685
0.42921981811523435
0.37080726623535154
0.2866455078125
0.2375312805175781
0.11498413085937498
0.08780441284179685
0.17959556579589842
0.2687641143798828
0.29069862365722654
0.20677528381347654
0.13477287292480467
0.09471855163574217
0.13286552429199217
0.19509277343749998
0.29952011108398435
0.18150291442871092
0.15909156799316404
0.26447257995605467
0.6898113250732423
0.41729888916015623
0.09662590026855467
0.14359436035156248
0.2191730499267578
0.1249977111816406
0.15503845214843748
0.09734115600585935

