0.10115585327148435
0.2287097930908203
0.4213520050048828
0.36818466186523435
0.3576942443847656
0.23514709472656248
0.10497055053710935
0.08518180847167967
0.17697296142578123
0.26900253295898435
0.29427490234375
0.20796737670898435
0.12785873413085935
0.09138069152832029
0.13358078002929685
0.1974769592285156
0.2992816925048828
0.18126449584960935
0.1543231964111328
0.28569183349609373
0.7372566223144532
0.4225440979003906
0.09519538879394529
0.14454803466796873
0.21607360839843748
0.11903724670410154
0.15694580078124998
0.0963874816894531

