0.10520896911621092
0.2375312805175781
0.42659721374511717
0.3698535919189453
0.3660388946533203
0.23276290893554685
0.11379203796386717
0.08136711120605467
0.1829334259033203
0.27019462585449217
0.29332122802734373
0.20725212097167967
0.13691864013671873
0.08637390136718748
0.1326271057128906
0.19890747070312498
0.30643424987792967
0.18579444885253904
0.1638599395751953
0.28688392639160154
0.765151596069336
0.4466243743896484
0.0963874816894531
0.14240226745605467
0.21821937561035154
0.1466938018798828
0.15503845214843748
0.09519538879394529

