0.1276203155517578
0.22751770019531248
0.42302093505859373
0.37128410339355467
0.2763935089111328
0.23657760620117185
0.11021575927734373
0.08565864562988279
0.1733966827392578
0.2694793701171875
0.2961822509765625
0.20915946960449217
0.12857398986816404
0.09424171447753904
0.1352497100830078
0.19461593627929685
0.30071220397949217
0.18889389038085935
0.15766105651855467
0.2580352783203125
0.6414123535156251
0.38988075256347654
0.09090385437011717
0.14073333740234373
0.21869621276855467
0.1173683166503906
0.16362152099609373
0.09948692321777342

