0.10234794616699217
0.2394386291503906
0.42111358642578123
0.36889991760253904
0.36198577880859373
0.23896179199218748
0.11045417785644529
0.07969818115234373
0.17959556579589842
0.27281723022460935
0.29308280944824217
0.21011314392089842
0.13191184997558592
0.08613548278808592
0.13167343139648435
0.19294700622558592
0.30071220397949217
0.18126449584960935
0.15718421936035154
0.27996978759765623
0.7374950408935548
0.4225440979003906
0.09304962158203123
0.14430961608886717
0.21488151550292967
0.14931640624999998
0.15527687072753904
0.09042701721191404

