0.1276203155517578
0.23037872314453123
0.423974609375
0.36556205749511717
0.28616867065429685
0.23538551330566404
0.11784515380859373
0.08184394836425779
0.1822181701660156
0.2718635559082031
0.290460205078125
0.20224533081054685
0.13358078002929685
0.08851966857910154
0.1352497100830078
0.19580802917480467
0.30214271545410154
0.17888031005859373
0.1600452423095703
0.26018104553222654
0.6433197021484376
0.39226493835449217
0.09686431884765623
0.13739547729492185
0.22131881713867185
0.12165985107421873
0.15313110351562498
0.09495697021484373

