0.12618980407714842
0.23300132751464842
0.43112716674804685
0.37509880065917967
0.28235397338867185
0.23085556030273435
0.1097389221191406
0.08947334289550779
0.1772113800048828
0.2694793701171875
0.29570541381835935
0.2127357482910156
0.1390644073486328
0.09877166748046873
0.13572654724121092
0.2077289581298828
0.30095062255859373
0.18698654174804685
0.15861473083496092
0.2592273712158203
0.6921955108642579
0.420159912109375
0.09328804016113279
0.1459785461425781
0.2184577941894531
0.12380561828613279
0.15861473083496092
0.09853324890136717

