0.12857398986816404
0.23109397888183592
0.4213520050048828
0.36818466186523435
0.28163871765136717
0.23967704772949217
0.11116943359374998
0.08422813415527342
0.17625770568847654
0.2649494171142578
0.29713592529296873
0.21035156249999998
0.13501129150390623
0.08375129699707029
0.1364418029785156
0.2020069122314453
0.3050037384033203
0.18269500732421873
0.16266784667968748
0.26137313842773435
0.6404586791992188
0.3932186126708984
0.10878524780273435
0.1421638488769531
0.21798095703124998
0.12857398986816404
0.15789947509765623
0.09281120300292967

