0.10544738769531248
0.22966346740722654
0.42612037658691404
0.3672309875488281
0.38845024108886717
0.2573200225830078
0.14693222045898435
0.07779083251953123
0.17387351989746092
0.2680488586425781
0.29522857666015623
0.21321258544921873
0.1364418029785156
0.08756599426269529
0.1352497100830078
0.19652328491210935
0.29713592529296873
0.17506561279296873
0.15098533630371092
0.3042884826660156
0.7670589447021485
0.4130073547363281
0.09281120300292967
0.13668022155761717
0.2108283996582031
0.14621696472167967
0.15336952209472654
0.09471855163574217

