0.1059242248535156
0.22847137451171873
0.42468986511230467
0.37080726623535154
0.36198577880859373
0.23133239746093748
0.11474571228027342
0.08017501831054685
0.17864189147949217
0.2635189056396484
0.29761276245117185
0.2115436553955078
0.13668022155761717
0.09090385437011717
0.13477287292480467
0.1993843078613281
0.30476531982421873
0.18150291442871092
0.16028366088867185
0.2825923919677734
0.7656284332275392
0.4409023284912109
0.09734115600585935
0.1447864532470703
0.22012672424316404
0.12237510681152342
0.16099891662597654
0.0887580871582031

