0.12285194396972654
0.2325244903564453
0.4332729339599609
0.36889991760253904
0.2821155548095703
0.23085556030273435
0.11689147949218748
0.08637390136718748
0.17864189147949217
0.27090988159179685
0.31787834167480467
0.21392784118652342
0.1295276641845703
0.09138069152832029
0.13739547729492185
0.19485435485839842
0.3023811340332031
0.1841255187988281
0.1581378936767578
0.25517425537109373
0.6650157928466798
0.4218288421630859
0.08804283142089842
0.16457519531249998
0.2146430969238281
0.11784515380859373
0.16076049804687498
0.1002021789550781

