0.09591064453124998
0.22966346740722654
0.42683563232421873
0.3679462432861328
0.36556205749511717
0.23610076904296873
0.11140785217285154
0.07898292541503904
0.17768821716308592
0.27090988159179685
0.29642066955566404
0.2089210510253906
0.1409717559814453
0.09209594726562498
0.13596496582031248
0.19485435485839842
0.30595741271972654
0.18460235595703123
0.15098533630371092
0.2573200225830078
0.7432170867919923
0.4182525634765625
0.09042701721191404
0.13811073303222654
0.21511993408203123
0.11593780517578123
0.1612373352050781
0.0906654357910156

