0.10187110900878904
0.2279945373535156
0.4296966552734375
0.37152252197265623
0.35864791870117185
0.23991546630859373
0.11188468933105467
0.08160552978515623
0.17601928710937498
0.2711483001708984
0.2959438323974609
0.2058216094970703
0.1333423614501953
0.09543380737304685
0.13405761718749998
0.20081481933593748
0.2992816925048828
0.17888031005859373
0.15885314941406248
0.2802082061767578
0.7208057403564454
0.42540512084960935
0.09304962158203123
0.11951408386230467
0.21511993408203123
0.12547454833984373
0.1593299865722656
0.09400329589843748

