0.12452087402343748
0.22823295593261717
0.4244514465332031
0.36961517333984373
0.35030326843261717
0.23085556030273435
0.10997734069824217
0.08542022705078123
0.1867481231689453
0.2909370422363281
0.298089599609375
0.2127357482910156
0.13405761718749998
0.08899650573730467
0.13548812866210935
0.19270858764648435
0.2985664367675781
0.1772113800048828
0.15098533630371092
0.26065788269042967
0.6380744934082032
0.39107284545898435
0.0925727844238281
0.13620338439941404
0.2172657012939453
0.12237510681152342
0.15694580078124998
0.08780441284179685

