0.09972534179687498
0.23467025756835935
0.42683563232421873
0.3691383361816406
0.3843971252441406
0.2318092346191406
0.10950050354003904
0.09805641174316404
0.17482719421386717
0.2737709045410156
0.2992816925048828
0.21106681823730467
0.1333423614501953
0.09161911010742185
0.13024291992187498
0.1974769592285156
0.2992816925048828
0.18889389038085935
0.15646896362304685
0.28044662475585935
0.785894012451172
0.4537769317626953
0.08828124999999998
0.14168701171874998
0.21511993408203123
0.14311752319335935
0.16052207946777342
0.09424171447753904

