0.10091743469238279
0.2318092346191406
0.4251667022705078
0.36889991760253904
0.3607936859130859
0.23610076904296873
0.1154609680175781
0.08613548278808592
0.1726814270019531
0.26781044006347654
0.2992816925048828
0.21035156249999998
0.1326271057128906
0.08208236694335935
0.13930282592773435
0.19795379638671873
0.30667266845703123
0.18627128601074217
0.16076049804687498
0.2864070892333984
0.7510848999023438
0.4416175842285156
0.09686431884765623
0.14621696472167967
0.21893463134765623
0.15003166198730467
0.1600452423095703
0.09757957458496092

