0.1257129669189453
0.23276290893554685
0.44376335144042967
0.366754150390625
0.27806243896484373
0.23467025756835935
0.1154609680175781
0.08255920410156248
0.17816505432128904
0.2668567657470703
0.2985664367675781
0.2108283996582031
0.13763389587402342
0.08351287841796873
0.13691864013671873
0.19866905212402342
0.2999969482421875
0.1860328674316406
0.1593299865722656
0.25827369689941404
0.665969467163086
0.38845024108886717
0.09328804016113279
0.13763389587402342
0.21583518981933592
0.11784515380859373
0.1581378936767578
0.09114227294921873

