0.11093101501464842
0.2337165832519531
0.42612037658691404
0.3684230804443359
0.3622241973876953
0.23085556030273435
0.11307678222656248
0.08542022705078123
0.17172775268554685
0.2711483001708984
0.29308280944824217
0.21798095703124998
0.13286552429199217
0.08947334289550779
0.13811073303222654
0.20033798217773435
0.2973743438720703
0.18317184448242185
0.1657672882080078
0.28306922912597654
0.7472702026367188
0.4168220520019531
0.09400329589843748
0.14240226745605467
0.21440467834472654
0.11832199096679685
0.1574226379394531
0.08971176147460935

