0.12428245544433592
0.23014030456542967
0.4225440979003906
0.3762908935546875
0.27090988159179685
0.2394386291503906
0.11021575927734373
0.08780441284179685
0.17888031005859373
0.267572021484375
0.29141387939453123
0.1898475646972656
0.13405761718749998
0.08971176147460935
0.13548812866210935
0.19342384338378904
0.2999969482421875
0.18054924011230467
0.16052207946777342
0.26256523132324217
0.6602474212646485
0.4106231689453125
0.08542022705078123
0.14454803466796873
0.21440467834472654
0.1135536193847656
0.15074691772460935
0.09018859863281248

