0.13000450134277342
0.22775611877441404
0.4194446563720703
0.3774829864501953
0.27806243896484373
0.23705444335937498
0.10950050354003904
0.08708915710449217
0.16242942810058592
0.28378448486328123
0.29189071655273435
0.20820579528808592
0.12523612976074217
0.09591064453124998
0.1333423614501953
0.20105323791503904
0.30071220397949217
0.1822181701660156
0.15837631225585935
0.2597042083740234
0.6907649993896485
0.4175373077392578
0.08780441284179685
0.14049491882324217
0.22060356140136717
0.1211830139160156
0.15694580078124998
0.09543380737304685

