0.12618980407714842
0.2318092346191406
0.43160400390625
0.3736682891845703
0.2821155548095703
0.23586235046386717
0.11116943359374998
0.08255920410156248
0.17601928710937498
0.27210197448730467
0.29451332092285154
0.20987472534179685
0.13095817565917967
0.09281120300292967
0.13238868713378904
0.20033798217773435
0.30095062255859373
0.1803108215332031
0.15909156799316404
0.2618499755859375
0.667638397216797
0.41706047058105467
0.0944801330566406
0.14049491882324217
0.27090988159179685
0.12094459533691404
0.15718421936035154
0.09519538879394529

