0.1249977111816406
0.23347816467285154
0.43637237548828123
0.37199935913085935
0.34005126953125
0.23872337341308592
0.11426887512207029
0.08613548278808592
0.17888031005859373
0.27281723022460935
0.29332122802734373
0.2096363067626953
0.13381919860839842
0.08780441284179685
0.1402565002441406
0.19962272644042967
0.3004737854003906
0.17888031005859373
0.15789947509765623
0.259942626953125
0.742263412475586
0.42731246948242185
0.09757957458496092
0.14240226745605467
0.21821937561035154
0.11999092102050779
0.15956840515136717
0.09591064453124998

