0.09972534179687498
0.23467025756835935
0.43041191101074217
0.4480548858642578
0.38463554382324217
0.23514709472656248
0.10806999206542967
0.08661231994628904
0.17363510131835935
0.2680488586425781
0.29379806518554685
0.20844421386718748
0.1383491516113281
0.08542022705078123
0.13238868713378904
0.19843063354492185
0.3061958312988281
0.1867481231689453
0.15503845214843748
0.26018104553222654
0.7487007141113282
0.4206367492675781
0.09471855163574217
0.14001808166503904
0.2127357482910156
0.12189826965332029
0.16219100952148435
0.09400329589843748

