0.10091743469238279
0.23276290893554685
0.42921981811523435
0.37772140502929685
0.3615089416503906
0.2287097930908203
0.11140785217285154
0.08446655273437498
0.18269500732421873
0.26661834716796873
0.29832801818847654
0.21106681823730467
0.13429603576660154
0.08613548278808592
0.13596496582031248
0.19652328491210935
0.30667266845703123
0.1810260772705078
0.15885314941406248
0.2859302520751953
0.7696815490722657
0.44328651428222654
0.09805641174316404
0.1364418029785156
0.21106681823730467
0.14168701171874998
0.1562305450439453
0.09138069152832029

