0.09495697021484373
0.21678886413574217
0.41348419189453123
0.3588863372802734
0.3557868957519531
0.2260871887207031
0.10282478332519529
0.07707557678222654
0.16600570678710935
0.2616115570068359
0.2864070892333984
0.20033798217773435
0.1230903625488281
0.07755241394042967
0.1257129669189453
0.18841705322265623
0.2940364837646484
0.16552886962890623
0.14240226745605467
0.267572021484375
0.7596679687500001
0.4366107940673828
0.07945976257324217
0.12595138549804685
0.21130523681640623
0.13691864013671873
0.15074691772460935
0.08065185546874998

