0.12905082702636717
0.22656402587890623
0.45282325744628904
0.37056884765625
0.27353248596191404
0.2337165832519531
0.11093101501464842
0.08661231994628904
0.18627128601074217
0.27424774169921873
0.30023536682128904
0.2134510040283203
0.13286552429199217
0.09304962158203123
0.1390644073486328
0.20224533081054685
0.2999969482421875
0.18698654174804685
0.15885314941406248
0.2718635559082031
0.6743141174316407
0.42540512084960935
0.09614906311035154
0.1409717559814453
0.21798095703124998
0.11712989807128904
0.16600570678710935
0.09805641174316404

