0.1276203155517578
0.2268024444580078
0.4270740509033203
0.37056884765625
0.2756782531738281
0.2363391876220703
0.11069259643554685
0.08565864562988279
0.17673454284667967
0.27234039306640623
0.2961822509765625
0.20915946960449217
0.13572654724121092
0.07802925109863279
0.1345344543457031
0.2020069122314453
0.30214271545410154
0.18174133300781248
0.15837631225585935
0.2642341613769531
0.6681152343750001
0.4175373077392578
0.09376487731933592
0.14359436035156248
0.2229877471923828
0.12285194396972654
0.16409835815429685
0.08995018005371092

