0.12928924560546873
0.2325244903564453
0.4294582366943359
0.37080726623535154
0.2783008575439453
0.23729286193847654
0.09090385437011717
0.08851966857910154
0.18174133300781248
0.2749629974365234
0.298089599609375
0.20915946960449217
0.13858757019042967
0.0887580871582031
0.13858757019042967
0.20844421386718748
0.27853927612304685
0.1860328674316406
0.1562305450439453
0.2604194641113281
0.644750213623047
0.39107284545898435
0.09376487731933592
0.14526329040527342
0.22084197998046873
0.11808357238769529
0.1848407745361328
0.09757957458496092

