0.12857398986816404
0.2356239318847656
0.4213520050048828
0.37128410339355467
0.2802082061767578
0.23133239746093748
0.1135536193847656
0.07945976257324217
0.17291984558105467
0.26828727722167967
0.2978511810302734
0.2058216094970703
0.13191184997558592
0.11259994506835935
0.13739547729492185
0.19485435485839842
0.30643424987792967
0.18054924011230467
0.15456161499023435
0.26208839416503904
0.688857650756836
0.4251667022705078
0.09519538879394529
0.14430961608886717
0.21869621276855467
0.11808357238769529
0.15885314941406248
0.08851966857910154

