0.10354003906249998
0.2299018859863281
0.43041191101074217
0.3672309875488281
0.3603168487548828
0.23300132751464842
0.11236152648925779
0.0849433898925781
0.17244300842285154
0.26590309143066404
0.29689750671386717
0.20939788818359373
0.13381919860839842
0.08828124999999998
0.10473213195800779
0.19866905212402342
0.2997585296630859
0.1848407745361328
0.15646896362304685
0.25946578979492185
0.7432170867919923
0.41658363342285154
0.09924850463867185
0.13930282592773435
0.21750411987304685
0.12189826965332029
0.16076049804687498
0.08851966857910154

