0.12356719970703123
0.23085556030273435
0.42159042358398435
0.3512569427490234
0.2814002990722656
0.2382465362548828
0.1078315734863281
0.09710273742675779
0.18269500732421873
0.26828727722167967
0.3004737854003906
0.2089210510253906
0.1295276641845703
0.09185752868652342
0.13787231445312498
0.19962272644042967
0.30214271545410154
0.18722496032714842
0.15909156799316404
0.26208839416503904
0.6426044464111329
0.39250335693359373
0.08947334289550779
0.1383491516113281
0.2153583526611328
0.1230903625488281
0.15885314941406248
0.09567222595214842

