0.12857398986816404
0.22942504882812498
0.43303451538085935
0.36580047607421873
0.2806850433349609
0.23610076904296873
0.09233436584472654
0.08470497131347654
0.17625770568847654
0.2432533264160156
0.29332122802734373
0.20296058654785154
0.13763389587402342
0.09424171447753904
0.1352497100830078
0.19986114501953123
0.27901611328125
0.1841255187988281
0.15193901062011717
0.27901611328125
0.6476112365722657
0.39298019409179685
0.09376487731933592
0.1440711975097656
0.21774253845214842
0.11712989807128904
0.15646896362304685
0.09352645874023435

