0.12928924560546873
0.23490867614746092
0.4258819580078125
0.37009201049804685
0.343865966796875
0.23586235046386717
0.11093101501464842
0.08732757568359373
0.1810260772705078
0.27663192749023435
0.2940364837646484
0.21225891113281248
0.1326271057128906
0.08446655273437498
0.13501129150390623
0.2031990051269531
0.30214271545410154
0.18507919311523435
0.1562305450439453
0.2630420684814453
0.7165142059326173
0.4168220520019531
0.08923492431640623
0.13596496582031248
0.2108283996582031
0.12666664123535154
0.15909156799316404
0.09471855163574217

