0.1505084991455078
0.2515979766845703
0.4213520050048828
0.36556205749511717
0.2718635559082031
0.23514709472656248
0.11617622375488279
0.08017501831054685
0.17172775268554685
0.2680488586425781
0.2935596466064453
0.21058998107910154
0.13739547729492185
0.08398971557617185
0.14311752319335935
0.19342384338378904
0.30595741271972654
0.18078765869140623
0.15956840515136717
0.2558895111083984
0.6385513305664063
0.3958412170410156
0.09233436584472654
0.13572654724121092
0.2127357482910156
0.11808357238769529
0.15694580078124998
0.09138069152832029

