0.1269050598144531
0.2279945373535156
0.4225440979003906
0.37271461486816404
0.33719024658203123
0.23657760620117185
0.10997734069824217
0.08232078552246092
0.18007240295410154
0.2706714630126953
0.28879127502441404
0.20820579528808592
0.1371570587158203
0.11450729370117185
0.13548812866210935
0.20296058654785154
0.30858001708984373
0.1848407745361328
0.15885314941406248
0.26328048706054685
0.6859966278076173
0.40585479736328123
0.09591064453124998
0.13691864013671873
0.2165504455566406
0.12094459533691404
0.16266784667968748
0.09543380737304685

