0.09948692321777342
0.2287097930908203
0.4294582366943359
0.3755756378173828
0.3665157318115234
0.2306171417236328
0.1135536193847656
0.08518180847167967
0.17578086853027342
0.26828727722167967
0.29642066955566404
0.20987472534179685
0.13691864013671873
0.09185752868652342
0.1390644073486328
0.20153007507324217
0.30142745971679685
0.1848407745361328
0.1562305450439453
0.25946578979492185
0.7391639709472657
0.42087516784667967
0.09281120300292967
0.1466938018798828
0.2165504455566406
0.12070617675781248
0.15718421936035154
0.09209594726562498

