0.10163269042968748
0.22775611877441404
0.4225440979003906
0.37080726623535154
0.35984001159667967
0.2432533264160156
0.11450729370117185
0.08780441284179685
0.17744979858398435
0.26471099853515623
0.3233619689941406
0.21488151550292967
0.1447864532470703
0.09138069152832029
0.1383491516113281
0.19723854064941404
0.30095062255859373
0.1784034729003906
0.15480003356933592
0.2566047668457031
0.715560531616211
0.41729888916015623
0.09591064453124998
0.13811073303222654
0.2127357482910156
0.1249977111816406
0.16052207946777342
0.09734115600585935

