0.10568580627441404
0.22751770019531248
0.42802772521972654
0.3710456848144531
0.36365470886230467
0.23014030456542967
0.11093101501464842
0.08470497131347654
0.1803108215332031
0.26900253295898435
0.2909370422363281
0.20653686523437498
0.13787231445312498
0.08995018005371092
0.13691864013671873
0.19700012207031248
0.2978511810302734
0.1822181701660156
0.16028366088867185
0.2885528564453125
0.7365413665771485
0.43684921264648435
0.08756599426269529
0.14144859313964842
0.21440467834472654
0.1421638488769531
0.15146217346191404
0.09781799316406248

