0.10354003906249998
0.2375312805175781
0.42540512084960935
0.3722377777099609
0.36365470886230467
0.2337165832519531
0.11069259643554685
0.08208236694335935
0.17792663574218748
0.26471099853515623
0.29713592529296873
0.2089210510253906
0.1333423614501953
0.08184394836425779
0.13191184997558592
0.1981922149658203
0.301904296875
0.18436393737792967
0.15646896362304685
0.28545341491699217
0.7656284332275392
0.44400177001953123
0.09185752868652342
0.14311752319335935
0.21941146850585935
0.14883956909179685
0.15527687072753904
0.09328804016113279

