0.12261352539062498
0.2260871887207031
0.42612037658691404
0.3653236389160156
0.2809234619140625
0.23347816467285154
0.10902366638183592
0.08184394836425779
0.17959556579589842
0.26828727722167967
0.29832801818847654
0.21202049255371092
0.13167343139648435
0.09328804016113279
0.14121017456054685
0.19843063354492185
0.30333480834960935
0.18174133300781248
0.15694580078124998
0.26280364990234373
0.7174678802490235
0.41968307495117185
0.09114227294921873
0.1364418029785156
0.22084197998046873
0.12046775817871092
0.1562305450439453
0.09233436584472654

