0.09853324890136717
0.22918663024902342
0.4308887481689453
0.37199935913085935
0.362939453125
0.23228607177734373
0.11259994506835935
0.0887580871582031
0.17196617126464842
0.2711483001708984
0.3030963897705078
0.20653686523437498
0.1390644073486328
0.08923492431640623
0.13811073303222654
0.19509277343749998
0.3050037384033203
0.1803108215332031
0.15837631225585935
0.28044662475585935
0.746078109741211
0.44376335144042967
0.09805641174316404
0.13954124450683592
0.21511993408203123
0.14645538330078123
0.16409835815429685
0.09662590026855467

