0.09877166748046873
0.22823295593261717
0.42421302795410154
0.37199935913085935
0.37342987060546873
0.23776969909667967
0.11259994506835935
0.08160552978515623
0.17959556579589842
0.26709518432617185
0.2961822509765625
0.20915946960449217
0.13668022155761717
0.0887580871582031
0.18364868164062498
0.19866905212402342
0.3030963897705078
0.18126449584960935
0.16028366088867185
0.28688392639160154
0.7389255523681642
0.41968307495117185
0.0944801330566406
0.14574012756347654
0.22012672424316404
0.11760673522949217
0.1619525909423828
0.09495697021484373

