0.10568580627441404
0.22847137451171873
0.4256435394287109
0.3653236389160156
0.36055526733398435
0.22751770019531248
0.11045417785644529
0.07945976257324217
0.1772113800048828
0.26852569580078123
0.290460205078125
0.2058216094970703
0.12833557128906248
0.08446655273437498
0.13668022155761717
0.1955696105957031
0.2978511810302734
0.17816505432128904
0.15313110351562498
0.28306922912597654
0.7420249938964845
0.4263587951660156
0.0925727844238281
0.14001808166503904
0.22179565429687498
0.11426887512207029
0.1562305450439453
0.09233436584472654

