0.12738189697265623
0.24110755920410154
0.42874298095703123
0.36770782470703123
0.3343292236328125
0.2375312805175781
0.11307678222656248
0.08208236694335935
0.17220458984374998
0.2737709045410156
0.29952011108398435
0.21583518981933592
0.12905082702636717
0.08947334289550779
0.13811073303222654
0.19771537780761717
0.30214271545410154
0.18007240295410154
0.16552886962890623
0.26089630126953123
0.7188983917236329
0.4182525634765625
0.09090385437011717
0.14001808166503904
0.21774253845214842
0.12738189697265623
0.15980682373046873
0.09090385437011717

