0.12523612976074217
0.22775611877441404
0.4320808410644531
0.36937675476074217
0.2806850433349609
0.2337165832519531
0.09424171447753904
0.08255920410156248
0.17864189147949217
0.25064430236816404
0.30214271545410154
0.21106681823730467
0.1383491516113281
0.09328804016113279
0.13739547729492185
0.19986114501953123
0.2809234619140625
0.1829334259033203
0.1574226379394531
0.26590309143066404
0.6361671447753907
0.39059600830078123
0.09519538879394529
0.1364418029785156
0.21440467834472654
0.10687789916992185
0.15909156799316404
0.09352645874023435

