0.1230903625488281
0.23085556030273435
0.42874298095703123
0.37271461486816404
0.282830810546875
0.2306171417236328
0.10950050354003904
0.08470497131347654
0.17768821716308592
0.27281723022460935
0.2902217864990234
0.20606002807617185
0.12976608276367185
0.09209594726562498
0.13572654724121092
0.19986114501953123
0.3030963897705078
0.18460235595703123
0.15670738220214842
0.2577968597412109
0.6664463043212892
0.39250335693359373
0.09352645874023435
0.14168701171874998
0.21869621276855467
0.12022933959960935
0.15503845214843748
0.0982948303222656

