0.12165985107421873
0.22918663024902342
0.42874298095703123
0.3698535919189453
0.3355213165283203
0.23681602478027342
0.11856040954589842
0.08422813415527342
0.18627128601074217
0.2654262542724609
0.2921291351318359
0.20486793518066404
0.13191184997558592
0.09376487731933592
0.1371570587158203
0.19890747070312498
0.30285797119140623
0.18650970458984373
0.15217742919921873
0.25946578979492185
0.6616779327392579
0.4144378662109375
0.09304962158203123
0.1371570587158203
0.21559677124023435
0.11665306091308592
0.15980682373046873
0.0963874816894531

