0.12428245544433592
0.22632560729980467
0.43041191101074217
0.374383544921875
0.2763935089111328
0.23228607177734373
0.10926208496093748
0.08398971557617185
0.18960914611816404
0.2692409515380859
0.29308280944824217
0.21035156249999998
0.13858757019042967
0.0887580871582031
0.13215026855468748
0.1993843078613281
0.30834159851074217
0.1879402160644531
0.1555152893066406
0.2611347198486328
0.6647773742675782
0.4194446563720703
0.09400329589843748
0.13930282592773435
0.22060356140136717
0.12094459533691404
0.15980682373046873
0.0944801330566406

