0.10115585327148435
0.23800811767578123
0.427789306640625
0.3679462432861328
0.36436996459960935
0.2356239318847656
0.11236152648925779
0.08089027404785154
0.18007240295410154
0.2673336029052734
0.29904327392578123
0.21750411987304685
0.1402565002441406
0.08208236694335935
0.1345344543457031
0.20248374938964842
0.30405006408691404
0.18317184448242185
0.15956840515136717
0.282830810546875
0.7990070343017579
0.4499622344970703
0.09734115600585935
0.1383491516113281
0.21416625976562498
0.14621696472167967
0.1631446838378906
0.0982948303222656

