0.1269050598144531
0.23490867614746092
0.42421302795410154
0.362939453125
0.27281723022460935
0.23538551330566404
0.1078315734863281
0.08279762268066404
0.17578086853027342
0.2687641143798828
0.2921291351318359
0.2089210510253906
0.13286552429199217
0.09471855163574217
0.13167343139648435
0.1974769592285156
0.301904296875
0.17411193847656248
0.1543231964111328
0.2566047668457031
0.6325908660888673
0.39560279846191404
0.08995018005371092
0.13000450134277342
0.20868263244628904
0.12070617675781248
0.16481361389160154
0.09304962158203123

