0.1173683166503906
0.3054805755615234
0.38916549682617185
0.3691383361816406
0.24611434936523435
0.15575370788574217
0.10878524780273435
0.14645538330078123
0.24635276794433592
0.2668567657470703
0.2806850433349609
0.2635189056396484
0.27353248596191404
0.19723854064941404
0.1714893341064453
0.17864189147949217
0.2306171417236328
0.5648799896240235
0.15027008056640623
0.1917549133300781
0.31287155151367185
48.47104034423828
0.1249977111816406
0.20629844665527342
0.616378402709961
0.11522254943847654
0.22632560729980467
0.2108283996582031

