0.11784515380859373
0.3271766662597656
0.3877349853515625
0.3691383361816406
0.2432533264160156
0.15956840515136717
0.08613548278808592
0.1497932434082031
0.25565109252929685
0.26065788269042967
0.2768703460693359
0.26590309143066404
0.27162513732910154
0.19676170349121092
0.1764961242675781
0.1784034729003906
0.22704086303710935
0.5751319885253907
0.1536079406738281
0.18341026306152342
0.30905685424804685
48.452920532226564
0.12714347839355467
0.20176849365234373
0.45473060607910154
0.11522254943847654
0.22847137451171873
0.20272216796874998

