0.11832199096679685
0.3150173187255859
0.39059600830078123
0.36818466186523435
0.24086914062499998
0.1562305450439453
0.10950050354003904
0.14717063903808592
0.24873695373535154
0.2642341613769531
0.2844997406005859
0.2711483001708984
0.26709518432617185
0.19127807617187498
0.16815147399902342
0.18507919311523435
0.22704086303710935
0.5689331054687501
0.1562305450439453
0.18913230895996092
0.31167945861816404
48.45125160217285
0.1295276641845703
0.2000995635986328
0.6581016540527345
0.11617622375488279
0.22823295593261717
0.2077289581298828

