0.11856040954589842
0.30476531982421873
0.38916549682617185
0.37152252197265623
0.23872337341308592
0.1619525909423828
0.08780441284179685
0.14526329040527342
0.2535053253173828
0.27925453186035154
0.28187713623046873
0.2680488586425781
0.27400932312011717
0.1981922149658203
0.16838989257812498
0.20844421386718748
0.22346458435058592
0.5739398956298829
0.15146217346191404
0.1886554718017578
0.3150173187255859
48.48439178466797
0.1276203155517578
0.20439109802246092
0.45592269897460935
0.11379203796386717
0.22918663024902342
0.20677528381347654

