0.12046775817871092
0.3011890411376953
0.3870197296142578
0.36127052307128904
0.24110755920410154
0.15599212646484373
0.11283836364746092
0.14645538330078123
0.2520748138427734
0.2604194641113281
0.2802082061767578
0.2718635559082031
0.27591667175292967
0.2012916564941406
0.17053565979003904
0.18698654174804685
0.23538551330566404
0.5777545928955079
0.14454803466796873
0.18937072753906248
0.3081031799316406
48.44958267211914
0.1307197570800781
0.2039142608642578
0.6154247283935548
0.11712989807128904
0.23681602478027342
0.20176849365234373

