0.1211830139160156
0.301904296875
0.382012939453125
0.36556205749511717
0.24110755920410154
0.1676746368408203
0.11069259643554685
0.14550170898437498
0.25374374389648435
0.2642341613769531
0.28616867065429685
0.2725788116455078
0.2725788116455078
0.2146430969238281
500.7839866638184
0.18770179748535154
0.2306171417236328
0.572270965576172
0.1524158477783203
0.18650970458984373
0.305718994140625
48.47819290161133
0.12833557128906248
0.20868263244628904
0.4518695831298828
0.11474571228027342
0.22823295593261717
0.20176849365234373

