0.1192756652832031
0.30261955261230467
0.38988075256347654
0.37056884765625
0.24468383789062498
0.15837631225585935
0.08780441284179685
0.1440711975097656
0.24754486083984373
0.23228607177734373
0.28235397338867185
0.28235397338867185
0.27472457885742185
0.19652328491210935
0.1669593811035156
0.1829334259033203
0.23085556030273435
0.5207725524902345
0.14144859313964842
0.18174133300781248
0.30786476135253904
48.48629913330078
0.12595138549804685
0.20176849365234373
0.40204010009765623
0.1154609680175781
0.22847137451171873
0.20272216796874998

