0.11689147949218748
0.3042884826660156
0.38678131103515623
0.36961517333984373
0.24158439636230467
0.15980682373046873
0.08255920410156248
0.15122375488281248
0.24945220947265623
0.26280364990234373
0.29952011108398435
0.2711483001708984
0.26971778869628904
0.19103965759277342
0.16529045104980467
0.19103965759277342
0.2241798400878906
0.5462833404541017
0.15003166198730467
0.18579444885253904
0.3119178771972656
48.46102676391602
0.12833557128906248
0.20439109802246092
0.43303451538085935
0.12261352539062498
0.22847137451171873
0.20558319091796873

