0.12213668823242185
0.29522857666015623
0.37772140502929685
0.3565021514892578
0.22942504882812498
0.15074691772460935
0.10568580627441404
0.13620338439941404
0.24063072204589842
0.24492225646972654
0.27400932312011717
0.2616115570068359
0.25755844116210935
0.18364868164062498
0.15885314941406248
0.16743621826171873
0.2241798400878906
0.5679794311523438
0.14192543029785154
0.17888031005859373
0.29332122802734373
48.458642578125
0.12022933959960935
0.19318542480468748
0.6030269622802735
0.1078315734863281
0.21750411987304685
0.19843063354492185

