0.12022933959960935
0.3050037384033203
0.39369544982910154
0.36508522033691404
0.24730644226074217
0.16076049804687498
0.11712989807128904
0.14574012756347654
0.26137313842773435
0.25827369689941404
0.2840229034423828
0.2890296936035156
0.27043304443359373
0.19342384338378904
0.1707740783691406
0.1822181701660156
0.23133239746093748
0.576085662841797
0.15265426635742185
0.18269500732421873
0.30595741271972654
48.46126518249512
0.12165985107421873
0.20462951660156248
0.4561611175537109
0.11760673522949217
0.22894821166992185
0.20272216796874998

