0.12070617675781248
0.3092952728271484
0.38868865966796873
0.36508522033691404
0.2382465362548828
0.17888031005859373
0.11379203796386717
0.14907798767089842
0.25064430236816404
0.26065788269042967
0.2771087646484375
0.2687641143798828
0.27138671875
0.19723854064941404
0.17101249694824217
0.18436393737792967
0.2432533264160156
0.5789466857910157
0.15074691772460935
0.1879402160644531
0.3164478302001953
48.45506629943848
0.12547454833984373
0.20677528381347654
0.6128021240234376
0.11593780517578123
0.23157081604003904
0.19962272644042967

