0.11760673522949217
0.30452690124511717
0.3839202880859375
0.3641315460205078
0.24277648925781248
0.1581378936767578
0.08255920410156248
0.15098533630371092
0.25255165100097654
0.25755844116210935
0.2844997406005859
0.27400932312011717
0.2749629974365234
0.1936622619628906
0.1829334259033203
0.25755844116210935
0.23085556030273435
0.5500980377197267
0.1478858947753906
0.19270858764648435
0.30786476135253904
48.46579513549805
0.13405761718749998
0.21297416687011717
0.43947181701660154
0.11617622375488279
0.2337165832519531
0.19914588928222654

