0.1192756652832031
0.305718994140625
0.43041191101074217
0.36198577880859373
0.23848495483398435
0.15909156799316404
0.11140785217285154
0.12022933959960935
0.24945220947265623
0.23681602478027342
0.2763935089111328
0.27663192749023435
0.27472457885742185
0.19199333190917967
0.16838989257812498
0.18388710021972654
0.23419342041015623
0.5233951568603517
0.14454803466796873
0.18364868164062498
0.3050037384033203
48.45673522949219
0.12285194396972654
0.20248374938964842
0.40108642578125
0.11951408386230467
0.2299018859863281
0.20057640075683592

