0.11999092102050779
0.30858001708984373
0.39035758972167967
0.3710456848144531
0.2439685821533203
0.16266784667968748
0.11426887512207029
0.15456161499023435
0.24992904663085935
0.26518783569335935
0.28044662475585935
0.2668567657470703
0.27543983459472654
0.19676170349121092
0.17554244995117185
0.18627128601074217
0.23085556030273435
0.5672641754150392
0.1428791046142578
0.18746337890624998
0.30285797119140623
48.46865615844727
0.12165985107421873
0.20677528381347654
0.4544921875
0.11450729370117185
0.23538551330566404
0.1993843078613281

