0.12070617675781248
0.30261955261230467
0.38225135803222654
0.3665157318115234
0.23896179199218748
0.15718421936035154
0.08732757568359373
0.11975250244140623
0.2439685821533203
0.23323974609374998
0.2806850433349609
0.26852569580078123
0.26637992858886717
0.1943775177001953
0.1714893341064453
0.18364868164062498
500.7749267578125
0.4759498596191406
0.14359436035156248
0.1898475646972656
0.30524215698242185
0.5195804595947267
0.1249977111816406
0.20462951660156248
0.4060932159423828
0.11593780517578123
0.22656402587890623
0.19795379638671873

