0.12189826965332029
0.30214271545410154
0.3863044738769531
0.36770782470703123
1.2341209411621095
0.15956840515136717
0.11832199096679685
0.15098533630371092
0.2515979766845703
0.26328048706054685
0.2809234619140625
0.26518783569335935
0.27019462585449217
0.18960914611816404
0.17435035705566404
0.17792663574218748
0.23323974609374998
0.5777545928955079
0.14812431335449217
0.19032440185546873
0.30714950561523435
48.463649368286134
0.12332878112792967
0.20653686523437498
0.4599758148193359
0.11379203796386717
0.22894821166992185
0.20629844665527342

