0.11879882812499998
0.30643424987792967
0.39798698425292967
0.37724456787109373
0.23991546630859373
0.16242942810058592
0.08565864562988279
0.12404403686523435
0.25183639526367185
0.2394386291503906
0.2840229034423828
0.27543983459472654
0.27615509033203123
0.19103965759277342
0.1707740783691406
0.18627128601074217
0.23920021057128904
0.5441375732421876
0.1459785461425781
0.1962848663330078
0.31239471435546873
48.4584041595459
0.12618980407714842
0.20462951660156248
0.4237361907958984
0.11283836364746092
0.2337165832519531
0.20558319091796873

