0.12666664123535154
0.30333480834960935
0.3901191711425781
0.362939453125
0.2477832794189453
0.15670738220214842
0.10950050354003904
0.15336952209472654
0.2577968597412109
0.25684318542480467
0.27806243896484373
0.2680488586425781
0.27138671875
0.19413909912109373
0.1650520324707031
0.1803108215332031
0.2299018859863281
0.5741783142089845
0.13811073303222654
0.19127807617187498
0.3107257843017578
48.477477645874025
0.12976608276367185
0.2051063537597656
0.618047332763672
0.11760673522949217
0.23300132751464842
0.2127357482910156

