0.12094459533691404
0.3076263427734375
0.38344345092773435
0.36889991760253904
0.23610076904296873
0.15956840515136717
0.0925727844238281
0.12404403686523435
0.2539821624755859
0.23204765319824217
0.2814002990722656
0.2692409515380859
0.2680488586425781
0.18531761169433592
0.17506561279296873
0.17768821716308592
0.22894821166992185
0.49263916015625003
0.14883956909179685
0.1829334259033203
0.31549415588378904
48.46150360107422
0.12666664123535154
0.2039142608642578
0.40108642578125
0.11760673522949217
0.2248950958251953
0.2012916564941406

