0.12213668823242185
0.30261955261230467
0.39059600830078123
0.37342987060546873
0.24802169799804685
0.16290626525878904
0.11331520080566404
0.15074691772460935
0.2573200225830078
0.2694793701171875
0.2847381591796875
0.27019462585449217
0.27353248596191404
0.19127807617187498
0.17291984558105467
0.17935714721679685
0.23705444335937498
0.5450912475585938
0.15074691772460935
0.18555603027343748
0.301904296875
48.46484146118164
0.13000450134277342
0.20367584228515623
0.4275508880615234
0.11498413085937498
0.2306171417236328
0.19866905212402342

