0.12356719970703123
0.3050037384033203
0.39417228698730467
0.36508522033691404
0.2382465362548828
0.15861473083496092
0.11569938659667967
0.14883956909179685
0.252313232421875
0.26256523132324217
0.27996978759765623
0.27043304443359373
0.27043304443359373
0.19676170349121092
0.17244300842285154
0.18555603027343748
0.23037872314453123
0.598973846435547
0.15074691772460935
0.1841255187988281
0.30452690124511717
48.4731861114502
0.12976608276367185
0.20248374938964842
0.644750213623047
0.11045417785644529
0.22584877014160154
0.20558319091796873

