0.11832199096679685
0.3126331329345703
0.38678131103515623
0.36770782470703123
0.23586235046386717
0.1688667297363281
0.11689147949218748
0.14764747619628904
0.24873695373535154
0.26375732421875
0.27996978759765623
0.2718635559082031
0.2749629974365234
0.19461593627929685
0.1714893341064453
0.17935714721679685
0.23467025756835935
0.568456268310547
0.15098533630371092
0.18746337890624998
0.30977210998535154
48.47032508850098
0.12452087402343748
0.20439109802246092
0.6135173797607423
0.11808357238769529
0.2344318389892578
0.20296058654785154

