0.11975250244140623
0.3061958312988281
0.3874965667724609
0.37199935913085935
0.2470680236816406
0.1600452423095703
0.12070617675781248
0.1447864532470703
0.2489753723144531
0.25636634826660154
0.2864070892333984
0.2725788116455078
0.27019462585449217
0.19318542480468748
0.17005882263183592
0.18746337890624998
0.23228607177734373
0.5970664978027345
0.15003166198730467
0.18531761169433592
0.3038116455078125
48.451728439331056
0.12142143249511717
0.2012916564941406
0.6387897491455079
0.10616264343261717
0.23204765319824217
0.20272216796874998

