0.11593780517578123
0.30261955261230467
0.38654289245605467
0.35864791870117185
0.2451606750488281
0.15956840515136717
0.11116943359374998
0.1505084991455078
0.25565109252929685
0.26471099853515623
0.2814002990722656
0.27543983459472654
0.2699562072753906
0.19986114501953123
0.18150291442871092
0.18126449584960935
0.22918663024902342
0.5670257568359376
0.15217742919921873
0.18388710021972654
0.3069110870361328
48.45983467102051
0.13191184997558592
0.20439109802246092
0.4561611175537109
0.11999092102050779
0.23204765319824217
0.20486793518066404

