0.11975250244140623
0.3050037384033203
0.3889270782470703
0.36389312744140623
0.23705444335937498
0.16362152099609373
0.09185752868652342
0.1524158477783203
0.2542205810546875
0.2694793701171875
0.2840229034423828
0.27424774169921873
0.2973743438720703
0.19294700622558592
0.1726814270019531
0.1860328674316406
0.23085556030273435
0.5422302246093751
0.14883956909179685
0.1753040313720703
0.3157325744628906
48.449821090698244
0.13668022155761717
0.2031990051269531
0.4347034454345703
0.12833557128906248
0.23419342041015623
0.2020069122314453

