0.12189826965332029
0.30405006408691404
0.39369544982910154
0.37080726623535154
0.24182281494140623
0.15193901062011717
0.11236152648925779
0.15074691772460935
0.26208839416503904
0.2649494171142578
0.28354606628417967
0.2661415100097656
0.27090988159179685
0.19723854064941404
0.1714893341064453
0.18579444885253904
0.2268024444580078
0.5694099426269532
0.15098533630371092
0.18436393737792967
0.3023811340332031
48.46269569396973
0.1269050598144531
0.20296058654785154
0.6666847229003907
0.11140785217285154
0.23276290893554685
0.2012916564941406

