0.12356719970703123
0.29904327392578123
0.38916549682617185
0.36961517333984373
0.24063072204589842
0.15861473083496092
0.1116462707519531
0.15336952209472654
0.25326690673828123
0.25946578979492185
0.29117546081542967
0.2699562072753906
0.27162513732910154
0.19866905212402342
0.1707740783691406
0.18436393737792967
0.2318092346191406
0.5746551513671876
0.15146217346191404
0.19032440185546873
0.3145404815673828
48.472709274291994
0.12857398986816404
0.20868263244628904
0.595159149169922
0.11760673522949217
0.22894821166992185
0.20462951660156248

