0.11403045654296873
0.301904296875
0.3584095001220703
0.3660388946533203
0.2420612335205078
0.15766105651855467
0.08542022705078123
0.15074691772460935
0.24921379089355467
0.22966346740722654
0.28426132202148435
0.26328048706054685
0.2809234619140625
0.19700012207031248
0.17172775268554685
0.18364868164062498
0.23323974609374998
0.4683204650878906
0.14693222045898435
0.1867481231689453
0.30667266845703123
48.468417739868165
0.12738189697265623
0.20653686523437498
0.40513954162597654
0.12094459533691404
0.23014030456542967
0.19866905212402342

