0.12380561828613279
0.30667266845703123
0.38988075256347654
0.37271461486816404
0.23276290893554685
0.1676746368408203
0.10950050354003904
0.14764747619628904
0.29522857666015623
0.2611347198486328
0.28163871765136717
0.2668567657470703
0.2737709045410156
0.19485435485839842
0.17363510131835935
0.18317184448242185
0.22656402587890623
0.5806156158447267
0.14717063903808592
0.1803108215332031
0.31215629577636717
48.463887786865236
0.1249977111816406
0.20939788818359373
0.4544921875
0.11569938659667967
0.22656402587890623
0.20081481933593748

