0.11999092102050779
0.31048736572265623
0.38797340393066404
0.36580047607421873
0.2451606750488281
0.1574226379394531
0.10091743469238279
0.1517005920410156
0.2577968597412109
0.2585121154785156
0.28688392639160154
0.27234039306640623
0.27400932312011717
0.18937072753906248
0.17363510131835935
0.17983398437499998
0.22942504882812498
0.5119510650634767
0.15027008056640623
0.1898475646972656
0.30667266845703123
48.45721206665039
0.13215026855468748
0.20796737670898435
0.42993507385253904
0.11379203796386717
0.2306171417236328
0.21011314392089842

