0.12046775817871092
0.31024894714355467
0.3920265197753906
0.3710456848144531
0.23848495483398435
0.16362152099609373
0.0906654357910156
0.1478858947753906
0.2501674652099609
0.23729286193847654
0.27424774169921873
0.2756782531738281
0.2749629974365234
0.19461593627929685
0.16815147399902342
0.1772113800048828
0.22942504882812498
0.49955329895019535
0.1478858947753906
0.17959556579589842
0.30905685424804685
48.463649368286134
0.1288124084472656
0.19652328491210935
0.40060958862304685
0.11879882812499998
0.23228607177734373
0.20296058654785154

