0.1211830139160156
0.30095062255859373
0.39059600830078123
0.3648468017578125
0.24039230346679685
0.16242942810058592
0.08422813415527342
0.12213668823242185
0.25493583679199217
0.2592273712158203
0.2844997406005859
0.2654262542724609
0.26971778869628904
0.19270858764648435
0.17411193847656248
0.18126449584960935
0.2279945373535156
0.522679901123047
0.14740905761718748
0.18817863464355467
0.3088184356689453
48.459357833862306
0.1211830139160156
0.20224533081054685
0.40251693725585935
0.11617622375488279
0.23323974609374998
0.1955696105957031

