0.12165985107421873
0.30261955261230467
0.38272819519042967
0.3610321044921875
0.24420700073242185
0.1581378936767578
0.10640106201171873
0.1886554718017578
0.2508827209472656
0.2616115570068359
0.2852149963378906
0.26256523132324217
0.27210197448730467
0.18817863464355467
0.1695819854736328
0.18174133300781248
0.2287097930908203
0.5694099426269532
0.14764747619628904
0.1867481231689453
0.29522857666015623
48.477477645874025
0.12404403686523435
0.1993843078613281
0.45210800170898435
0.11236152648925779
0.23204765319824217
0.1974769592285156

