0.12142143249511717
0.301904296875
0.3951259613037109
0.366754150390625
0.23681602478027342
0.13167343139648435
0.08947334289550779
0.12905082702636717
0.25302848815917967
0.24492225646972654
0.28044662475585935
0.26709518432617185
0.27472457885742185
0.19604644775390623
0.1753040313720703
0.18245658874511717
0.22847137451171873
0.5014606475830079
0.1505084991455078
0.18245658874511717
0.3107257843017578
48.465318298339845
0.12428245544433592
0.20606002807617185
0.40966949462890623
0.1154609680175781
0.23538551330566404
0.1974769592285156

