0.1230903625488281
0.3038116455078125
0.3882118225097656
0.3648468017578125
0.24277648925781248
0.14430961608886717
0.11331520080566404
0.14907798767089842
0.25493583679199217
0.259942626953125
0.28759918212890623
0.26065788269042967
0.27138671875
0.21392784118652342
0.17005882263183592
0.1784034729003906
0.2279945373535156
0.574416732788086
0.14168701171874998
0.18746337890624998
0.30476531982421873
48.474616622924806
0.12475929260253904
0.20176849365234373
0.6159015655517579
0.1135536193847656
0.22131881713867185
0.20248374938964842

