0.12452087402343748
0.3050037384033203
0.38988075256347654
0.36746940612792967
0.2439685821533203
0.15861473083496092
0.10711631774902342
0.14526329040527342
0.2535053253173828
0.2649494171142578
0.28497657775878904
0.26471099853515623
0.26375732421875
0.1886554718017578
0.17125091552734373
0.18150291442871092
0.23037872314453123
0.5737014770507813
0.15456161499023435
0.18269500732421873
0.3152557373046875
48.45268211364746
0.12666664123535154
0.20939788818359373
0.6335445404052735
0.12428245544433592
0.23157081604003904
0.20153007507324217

