0.11403045654296873
0.3050037384033203
0.39298019409179685
0.36127052307128904
0.23896179199218748
0.1536079406738281
0.11712989807128904
0.1466938018798828
0.2527900695800781
0.2561279296875
0.2825923919677734
0.26637992858886717
0.2699562072753906
0.16600570678710935
0.17101249694824217
0.2077289581298828
0.22775611877441404
0.5946823120117188
500.8011528015137
0.1879402160644531
0.3076263427734375
48.454589462280275
0.12905082702636717
0.2031990051269531
0.6423660278320313
0.11498413085937498
0.22775611877441404
0.20272216796874998

