0.11856040954589842
0.33122978210449217
0.3920265197753906
0.3622241973876953
0.2363391876220703
0.16147575378417967
0.11188468933105467
0.12475929260253904
0.2539821624755859
0.26447257995605467
0.27996978759765623
0.26471099853515623
0.2706714630126953
0.19103965759277342
0.16600570678710935
0.1772113800048828
0.23014030456542967
0.5443759918212892
0.1466938018798828
0.17935714721679685
0.30905685424804685
48.472709274291994
0.12642822265624998
0.19843063354492185
0.41920623779296873
0.1135536193847656
0.23586235046386717
0.20176849365234373

