0.11689147949218748
0.29427490234375
0.37462196350097654
0.36580047607421873
0.24349174499511717
0.16409835815429685
0.09114227294921873
0.1497932434082031
0.25326690673828123
0.2692409515380859
0.2814002990722656
0.26661834716796873
0.27162513732910154
0.19032440185546873
0.17578086853027342
0.1867481231689453
0.23347816467285154
0.5446144104003907
0.14574012756347654
0.19485435485839842
0.3088184356689453
48.466987228393556
0.3653236389160156
0.20796737670898435
0.4575916290283203
0.11641464233398435
0.22561035156249998
0.20820579528808592

