0.1173683166503906
0.30524215698242185
0.38606605529785154
0.36198577880859373
0.2432533264160156
0.16529045104980467
0.08756599426269529
0.1478858947753906
0.2508827209472656
0.25827369689941404
0.2794929504394531
0.27210197448730467
0.2706714630126953
0.19080123901367185
0.16624412536621092
0.17816505432128904
0.2306171417236328
0.5412765502929688
0.15027008056640623
0.1860328674316406
0.30905685424804685
48.46126518249512
0.12475929260253904
0.21011314392089842
0.45783004760742185
0.11712989807128904
0.23610076904296873
0.20606002807617185

