0.12356719970703123
0.30714950561523435
0.39488754272460935
0.3762908935546875
0.21249732971191404
0.16457519531249998
0.0868507385253906
0.14955482482910154
0.25684318542480467
0.2642341613769531
0.2878376007080078
0.26661834716796873
0.27043304443359373
0.19604644775390623
0.1707740783691406
0.19127807617187498
0.23228607177734373
0.5675025939941407
0.15694580078124998
0.18269500732421873
0.3081031799316406
48.4579273223877
0.1249977111816406
0.20439109802246092
0.4525848388671875
0.11426887512207029
0.22632560729980467
0.1981922149658203

