0.12046775817871092
0.3011890411376953
0.38606605529785154
0.3622241973876953
0.24301490783691404
0.16028366088867185
0.10711631774902342
0.14502487182617185
0.22823295593261717
0.27043304443359373
0.28163871765136717
0.2687641143798828
0.26471099853515623
0.19270858764648435
0.17244300842285154
0.18436393737792967
0.2318092346191406
0.5546279907226563
0.1478858947753906
0.18555603027343748
0.30595741271972654
48.45578155517578
0.12452087402343748
0.20558319091796873
0.45163116455078123
0.1116462707519531
0.23014030456542967
0.2077289581298828

