0.1230903625488281
0.30261955261230467
0.3877349853515625
0.36508522033691404
0.24086914062499998
0.16099891662597654
0.08732757568359373
0.1276203155517578
0.25898895263671873
0.27472457885742185
0.28187713623046873
0.27591667175292967
0.30142745971679685
0.1917549133300781
0.17125091552734373
0.18913230895996092
0.22060356140136717
0.4721351623535156
0.1555152893066406
0.19509277343749998
0.31239471435546873
48.47652397155762
0.13358078002929685
0.20486793518066404
0.38272819519042967
0.11569938659667967
0.23467025756835935
0.2051063537597656

