0.12165985107421873
0.30285797119140623
0.3915496826171875
0.36246261596679685
0.24277648925781248
0.1574226379394531
0.10544738769531248
0.1314350128173828
0.25135955810546873
0.26256523132324217
0.2847381591796875
0.26661834716796873
0.2732940673828125
0.19700012207031248
0.17983398437499998
0.18054924011230467
0.2287097930908203
0.5963512420654298
0.15384635925292967
0.18627128601074217
0.3050037384033203
48.47723922729492
0.1288124084472656
0.20558319091796873
0.640935516357422
0.12332878112792967
0.23037872314453123
0.20486793518066404

