0.12213668823242185
0.30261955261230467
0.39417228698730467
0.3684230804443359
0.24468383789062498
0.1619525909423828
0.1154609680175781
0.1536079406738281
0.2554126739501953
0.26280364990234373
0.27996978759765623
0.2654262542724609
0.28044662475585935
0.19294700622558592
0.17554244995117185
0.18007240295410154
0.23467025756835935
0.6004043579101563
0.14693222045898435
0.1829334259033203
0.3188320159912109
48.468179321289064
0.13000450134277342
0.20629844665527342
0.6149478912353517
0.1116462707519531
0.2299018859863281
0.20987472534179685

