0.12404403686523435
0.30333480834960935
0.38225135803222654
0.3686614990234375
0.24539909362792967
0.15313110351562498
0.08708915710449217
0.12261352539062498
0.2546974182128906
0.23490867614746092
0.2802082061767578
0.26375732421875
0.2737709045410156
0.19342384338378904
0.17435035705566404
0.18698654174804685
0.22727928161621092
0.5229183197021485
0.15098533630371092
0.24468383789062498
0.30714950561523435
48.47104034423828
0.12905082702636717
0.21202049255371092
0.40108642578125
0.11975250244140623
0.23014030456542967
0.20033798217773435

