0.11522254943847654
0.3023811340332031
0.38344345092773435
0.366754150390625
0.24921379089355467
0.16433677673339842
0.11188468933105467
0.1536079406738281
0.2546974182128906
0.2699562072753906
0.28044662475585935
0.267572021484375
0.28759918212890623
0.19771537780761717
0.17196617126464842
0.18007240295410154
0.23133239746093748
0.5267330169677735
0.14693222045898435
0.18650970458984373
0.30333480834960935
48.46174201965332
0.13024291992187498
0.20343742370605467
0.4335113525390625
0.10997734069824217
0.23014030456542967
0.20248374938964842

