0.12070617675781248
0.3038116455078125
0.39059600830078123
0.3665157318115234
0.24373016357421873
0.16266784667968748
0.0906654357910156
0.14693222045898435
0.2508827209472656
0.26256523132324217
0.2859302520751953
0.2732940673828125
0.275201416015625
0.19771537780761717
0.17125091552734373
0.18054924011230467
0.23204765319824217
0.5443759918212892
0.14383277893066404
0.1879402160644531
0.30643424987792967
48.486537551879884
0.1345344543457031
0.20606002807617185
0.43041191101074217
0.10902366638183592
0.2680488586425781
0.2020069122314453

