0.11426887512207029
0.30452690124511717
0.42874298095703123
0.37152252197265623
0.2413459777832031
0.15861473083496092
0.08089027404785154
0.14430961608886717
0.2546974182128906
0.2577968597412109
0.27663192749023435
0.2649494171142578
0.2711483001708984
0.19461593627929685
0.16910514831542967
0.18436393737792967
0.23228607177734373
0.5200572967529298
0.15408477783203123
0.1898475646972656
0.3107257843017578
48.45339736938477
0.12356719970703123
0.20868263244628904
0.40966949462890623
0.11069259643554685
0.23347816467285154
0.20534477233886717

