0.12022933959960935
0.31096420288085935
0.3855892181396484
0.3710456848144531
0.24086914062499998
0.15384635925292967
0.11903724670410154
0.14955482482910154
0.24849853515624998
0.2592273712158203
0.28044662475585935
0.26971778869628904
0.27353248596191404
0.19032440185546873
0.1707740783691406
0.1791187286376953
0.23300132751464842
0.5992122650146485
0.14955482482910154
0.18054924011230467
0.31668624877929685
48.47080192565918
0.12618980407714842
0.19700012207031248
0.6182857513427735
0.11426887512207029
0.2287097930908203
0.20224533081054685

