0.12046775817871092
0.30023536682128904
0.3817745208740234
0.37128410339355467
0.24539909362792967
0.16028366088867185
0.10926208496093748
0.15193901062011717
0.2597042083740234
0.26256523132324217
0.29069862365722654
0.26852569580078123
0.2699562072753906
0.19580802917480467
0.17673454284667967
0.18579444885253904
0.22704086303710935
0.5708404541015626
0.15980682373046873
0.1860328674316406
0.31167945861816404
48.460788345336915
0.12857398986816404
0.18722496032714842
0.6173320770263673
0.11689147949218748
0.22775611877441404
0.20606002807617185

