0.11879882812499998
0.30643424987792967
0.38296661376953123
0.36389312744140623
0.24039230346679685
0.15527687072753904
0.0849433898925781
0.14740905761718748
0.2554126739501953
0.25898895263671873
0.28306922912597654
0.2706714630126953
0.27782402038574217
0.20439109802246092
0.1714893341064453
0.18197975158691404
0.267572021484375
0.572270965576172
0.15027008056640623
0.18841705322265623
0.3348060607910156
48.468417739868165
0.13024291992187498
0.1993843078613281
0.4602142333984375
0.1173683166503906
0.23037872314453123
0.20462951660156248

