0.12094459533691404
0.30834159851074217
0.3870197296142578
0.36699256896972654
0.1695819854736328
0.15885314941406248
0.08995018005371092
0.1257129669189453
0.2771087646484375
0.24039230346679685
0.27996978759765623
0.2725788116455078
0.27472457885742185
0.19008598327636717
0.17220458984374998
0.18460235595703123
0.23395500183105467
0.4714199066162109
0.14383277893066404
0.18722496032714842
0.3050037384033203
48.458642578125
0.12595138549804685
0.20439109802246092
0.4072853088378906
0.11188468933105467
0.2287097930908203
0.20415267944335935

