0.11832199096679685
0.30524215698242185
0.39107284545898435
0.3622241973876953
0.24659118652343748
0.15956840515136717
0.1078315734863281
0.14717063903808592
0.2504058837890625
0.2649494171142578
0.27663192749023435
0.2654262542724609
0.27400932312011717
0.19342384338378904
0.1707740783691406
0.1829334259033203
0.22847137451171873
0.6001659393310548
0.15074691772460935
0.18913230895996092
0.30524215698242185
48.433131790161134
0.12857398986816404
0.20367584228515623
0.6461807250976563
0.11379203796386717
0.2299018859863281
0.20558319091796873

