0.11951408386230467
0.30858001708984373
0.39178810119628904
0.3627010345458984
0.23920021057128904
0.16171417236328123
0.09161911010742185
0.1478858947753906
0.2566047668457031
0.2635189056396484
0.28044662475585935
0.27806243896484373
0.27424774169921873
0.19604644775390623
0.1745887756347656
0.18174133300781248
0.23657760620117185
0.5753704071044923
0.1505084991455078
0.18770179748535154
0.3038116455078125
48.480338668823244
0.1352497100830078
0.20033798217773435
0.43065032958984373
0.11307678222656248
0.23014030456542967
0.2051063537597656

