0.12189826965332029
0.301904296875
0.3913112640380859
0.36580047607421873
0.24253807067871092
0.16242942810058592
0.08756599426269529
0.12261352539062498
0.2585121154785156
0.23729286193847654
0.2775856018066406
0.2821155548095703
0.2711483001708984
0.19127807617187498
0.16862831115722654
0.18507919311523435
0.22561035156249998
0.5238719940185548
0.1505084991455078
0.18007240295410154
0.3023811340332031
48.458642578125
0.12404403686523435
0.21416625976562498
0.4015632629394531
0.10878524780273435
0.22918663024902342
0.1981922149658203

