0.11426887512207029
0.305718994140625
0.39822540283203123
0.3660388946533203
0.24563751220703123
0.1581378936767578
0.08422813415527342
0.1466938018798828
0.25302848815917967
0.2597042083740234
0.28163871765136717
0.2649494171142578
0.27734718322753904
0.1917549133300781
0.16934356689453123
0.18197975158691404
0.23419342041015623
0.5741783142089845
0.1466938018798828
0.2115436553955078
0.31024894714355467
48.457688903808595
0.1257129669189453
0.20820579528808592
0.6199546813964845
0.11593780517578123
0.23586235046386717
0.20558319091796873

