0.12356719970703123
0.3042884826660156
0.3908344268798828
0.3665157318115234
0.23967704772949217
0.15909156799316404
0.14359436035156248
0.1466938018798828
0.22751770019531248
0.26137313842773435
0.2806850433349609
0.27543983459472654
0.2725788116455078
0.19008598327636717
0.17363510131835935
0.18054924011230467
0.2268024444580078
0.5732246398925782
0.15265426635742185
0.18388710021972654
0.32550773620605467
48.44910583496094
0.1307197570800781
0.2077289581298828
0.6352134704589845
0.11641464233398435
0.2306171417236328
0.20343742370605467

