0.11975250244140623
0.30786476135253904
0.36365470886230467
0.36127052307128904
0.23681602478027342
0.16171417236328123
0.11760673522949217
0.1459785461425781
0.252313232421875
0.2542205810546875
0.2809234619140625
0.2737709045410156
0.2725788116455078
0.19533119201660154
0.17029724121093748
0.1791187286376953
0.2375312805175781
0.5677410125732423
0.14359436035156248
0.18746337890624998
0.31024894714355467
48.459119415283205
0.13095817565917967
0.20629844665527342
0.6149478912353517
0.12261352539062498
0.23228607177734373
0.20486793518066404

