0.1230903625488281
0.2992816925048828
0.36556205749511717
0.37152252197265623
0.24492225646972654
0.15527687072753904
0.08518180847167967
0.14931640624999998
0.2573200225830078
0.2394386291503906
0.27901611328125
0.2711483001708984
0.26709518432617185
0.19294700622558592
0.17005882263183592
0.1829334259033203
0.22966346740722654
0.5179115295410157
0.15456161499023435
0.19676170349121092
0.30905685424804685
48.4731861114502
0.12666664123535154
0.2031990051269531
0.42874298095703123
0.11236152648925779
0.22465667724609373
0.19962272644042967

