0.11999092102050779
0.30905685424804685
0.38535079956054685
0.36365470886230467
0.2356239318847656
0.1543231964111328
0.11021575927734373
0.15336952209472654
0.2504058837890625
0.25898895263671873
0.28306922912597654
0.26971778869628904
0.26781044006347654
0.19485435485839842
0.1657672882080078
0.17792663574218748
0.23300132751464842
0.5665489196777345
0.15027008056640623
0.18388710021972654
501.7369457244873
48.48606071472168
0.14955482482910154
0.20367584228515623
0.46116790771484373
0.11784515380859373
0.22894821166992185
0.20629844665527342

