0.11593780517578123
0.3054805755615234
0.3812976837158203
0.36246261596679685
0.23467025756835935
0.15956840515136717
0.08518180847167967
0.15027008056640623
0.2558895111083984
0.24373016357421873
0.2890296936035156
0.27210197448730467
0.27043304443359373
0.19223175048828123
0.1695819854736328
0.1879402160644531
0.23872337341308592
0.5191036224365235
0.14717063903808592
0.1917549133300781
0.3023811340332031
48.47056350708008
0.12738189697265623
0.20677528381347654
0.3984638214111328
0.10950050354003904
0.2375312805175781
0.20296058654785154

