0.11403045654296873
0.3081031799316406
0.3920265197753906
0.36246261596679685
0.2458759307861328
0.16242942810058592
0.08995018005371092
0.15122375488281248
0.25135955810546873
0.2401538848876953
0.2852149963378906
0.26280364990234373
0.2737709045410156
0.1905628204345703
0.17244300842285154
0.17816505432128904
0.22561035156249998
0.5257793426513673
0.15122375488281248
0.1841255187988281
0.30524215698242185
48.45053634643555
0.12332878112792967
0.19986114501953123
0.4053779602050781
0.12022933959960935
0.2318092346191406
0.20224533081054685

