0.12046775817871092
0.2992816925048828
0.39035758972167967
0.362939453125
0.23920021057128904
0.16290626525878904
0.10854682922363279
0.1486011505126953
0.26280364990234373
0.252313232421875
0.27973136901855467
0.267572021484375
0.2744861602783203
0.19890747070312498
0.1726814270019531
0.18507919311523435
0.2337165832519531
0.5725093841552735
0.15074691772460935
0.19580802917480467
0.3092952728271484
48.46913299560547
0.12332878112792967
0.20796737670898435
0.6397434234619142
0.11569938659667967
0.22632560729980467
0.19914588928222654

