0.12285194396972654
0.3035732269287109
0.389642333984375
8.742160415649415
0.2420612335205078
0.15909156799316404
0.08708915710449217
0.14550170898437498
0.25135955810546873
0.26137313842773435
0.27591667175292967
0.27043304443359373
0.2749629974365234
0.19270858764648435
0.16982040405273435
0.1784034729003906
0.23133239746093748
0.5694099426269532
0.14526329040527342
0.1867481231689453
0.3061958312988281
48.46031150817871
0.12475929260253904
0.20439109802246092
0.4518695831298828
0.12094459533691404
0.22966346740722654
0.20653686523437498

