0.12285194396972654
0.30285797119140623
0.38487396240234373
0.36436996459960935
0.2401538848876953
0.15861473083496092
0.10735473632812498
0.1466938018798828
0.24802169799804685
0.25898895263671873
0.2809234619140625
0.267572021484375
0.27234039306640623
0.19890747070312498
0.20844421386718748
0.18054924011230467
0.23490867614746092
0.5992122650146485
0.14812431335449217
0.18388710021972654
0.30858001708984373
48.46746406555176
0.12618980407714842
0.20629844665527342
0.6373592376708985
0.12428245544433592
0.2287097930908203
0.2077289581298828

