0.12189826965332029
0.2997585296630859
0.38535079956054685
0.36389312744140623
0.24063072204589842
0.16290626525878904
0.11426887512207029
0.15146217346191404
0.2859302520751953
0.259942626953125
0.28306922912597654
0.2673336029052734
0.2768703460693359
0.1974769592285156
0.17387351989746092
0.17959556579589842
0.22561035156249998
0.5958744049072267
0.14693222045898435
0.18460235595703123
0.30858001708984373
48.477716064453126
0.12547454833984373
0.20296058654785154
0.4499622344970703
0.11259994506835935
0.23705444335937498
0.2058216094970703

