0.11760673522949217
0.3050037384033203
0.36198577880859373
0.3672309875488281
0.24301490783691404
0.16362152099609373
0.08708915710449217
0.12809715270996092
0.25135955810546873
0.23467025756835935
0.282830810546875
0.27138671875
0.27853927612304685
0.19318542480468748
0.16934356689453123
0.18341026306152342
0.22918663024902342
0.47237358093261717
0.1497932434082031
0.18531761169433592
0.30476531982421873
48.4579273223877
0.11975250244140623
0.20677528381347654
0.4141994476318359
0.11784515380859373
0.23514709472656248
0.20248374938964842

