0.15694580078124998
0.3092952728271484
0.38415870666503904
0.3576942443847656
0.24754486083984373
0.1657672882080078
0.11689147949218748
0.12547454833984373
0.24921379089355467
0.2618499755859375
0.2840229034423828
0.24277648925781248
0.26781044006347654
0.18960914611816404
0.16719779968261717
0.1791187286376953
0.2344318389892578
0.5279251098632813
0.14454803466796873
0.18341026306152342
0.30977210998535154
48.462457275390626
0.1249977111816406
0.20367584228515623
0.40370903015136717
0.1154609680175781
0.2306171417236328
0.20606002807617185

