0.11832199096679685
0.2732940673828125
0.4797645568847656
0.3419586181640625
0.2394386291503906
0.16266784667968748
0.0849433898925781
0.12905082702636717
500.7746883392334
0.2115436553955078
0.2802082061767578
0.26399574279785154
0.24229965209960935
0.12452087402343748
0.1390644073486328
0.1791187286376953
0.22751770019531248
0.3855892181396484
0.14430961608886717
0.11808357238769529
0.26089630126953123
0.4022785186767578
0.09543380737304685
0.2051063537597656
0.31239471435546873
0.12642822265624998
0.20439109802246092
0.1345344543457031

