0.11665306091308592
0.30714950561523435
0.38225135803222654
0.3698535919189453
0.2420612335205078
0.16266784667968748
0.11760673522949217
0.15336952209472654
0.25636634826660154
0.26018104553222654
0.28235397338867185
0.26590309143066404
0.2783008575439453
0.1943775177001953
0.1676746368408203
0.18770179748535154
0.2325244903564453
0.5279251098632813
0.14812431335449217
0.18817863464355467
0.301904296875
48.462218856811525
0.1249977111816406
0.19962272644042967
0.4251667022705078
0.11331520080566404
0.23133239746093748
0.2077289581298828

