0.11856040954589842
0.3081031799316406
0.39107284545898435
0.36389312744140623
0.24945220947265623
0.17053565979003904
0.11212310791015623
0.14836273193359373
0.2546974182128906
0.26256523132324217
0.28545341491699217
0.27138671875
0.2730556488037109
0.1993843078613281
0.1707740783691406
0.18579444885253904
0.23228607177734373
0.5672641754150392
0.1459785461425781
0.18746337890624998
0.3054805755615234
48.465079879760744
0.1257129669189453
0.21225891113281248
0.616378402709961
0.11975250244140623
0.23133239746093748
0.20248374938964842

