500.72080574035647
0.2921291351318359
0.34839591979980467
0.35173377990722654
0.2542205810546875
0.16600570678710935
0.10115585327148435
0.1314350128173828
0.20343742370605467
0.21511993408203123
0.2649494171142578
0.27353248596191404
0.2501674652099609
0.12809715270996092
0.15408477783203123
0.18770179748535154
0.24039230346679685
0.3481575012207031
0.15694580078124998
0.16147575378417967
0.31811676025390623
0.3781982421875
0.10640106201171873
0.18054924011230467
0.3030963897705078
0.1154609680175781
0.17864189147949217
0.1784034729003906

