0.11665306091308592
0.29952011108398435
0.3832050323486328
0.36127052307128904
0.2337165832519531
0.16362152099609373
0.11140785217285154
0.17697296142578123
0.2508827209472656
0.25875053405761717
0.28378448486328123
0.2692409515380859
0.2756782531738281
0.19413909912109373
0.1688667297363281
0.1867481231689453
0.23204765319824217
0.5698867797851563
0.1478858947753906
0.1841255187988281
0.30977210998535154
48.43813858032227
0.12523612976074217
0.20534477233886717
0.4549690246582031
0.12022933959960935
0.22584877014160154
0.19962272644042967

