0.12833557128906248
0.30333480834960935
0.3832050323486328
0.36198577880859373
0.24754486083984373
0.1581378936767578
0.10568580627441404
0.15027008056640623
0.2527900695800781
0.23729286193847654
0.2852149963378906
0.26518783569335935
0.2673336029052734
0.19008598327636717
0.1657672882080078
0.1829334259033203
0.23323974609374998
0.5429454803466798
0.15789947509765623
0.18817863464355467
0.30643424987792967
48.45244369506836
0.12642822265624998
0.20987472534179685
0.42683563232421873
0.11641464233398435
0.23014030456542967
0.20248374938964842

