0.12547454833984373
0.3050037384033203
0.38415870666503904
0.3672309875488281
0.23729286193847654
0.15408477783203123
0.11450729370117185
0.1517005920410156
0.24659118652343748
0.26065788269042967
0.2771087646484375
0.27090988159179685
0.2794929504394531
0.19461593627929685
0.17673454284667967
0.20677528381347654
0.23419342041015623
0.5763240814208985
0.14550170898437498
0.1879402160644531
0.30643424987792967
48.48248443603516
0.12928924560546873
0.1962848663330078
0.6168552398681642
0.11379203796386717
0.2299018859863281
0.2058216094970703

