0.11975250244140623
0.3030963897705078
0.38916549682617185
0.3722377777099609
0.24039230346679685
0.15837631225585935
0.1116462707519531
0.15694580078124998
0.2535053253173828
0.26137313842773435
0.2775856018066406
0.26280364990234373
0.27591667175292967
0.19485435485839842
0.17315826416015623
0.18507919311523435
0.22561035156249998
0.5715557098388673
0.15098533630371092
0.18388710021972654
0.3054805755615234
48.468179321289064
0.1288124084472656
0.21488151550292967
0.6101795196533204
0.11188468933105467
0.22441825866699217
0.20248374938964842

