0.12189826965332029
0.3119178771972656
0.38797340393066404
0.3641315460205078
0.23490867614746092
0.15575370788574217
0.1314350128173828
0.15527687072753904
0.24921379089355467
0.2711483001708984
0.27925453186035154
0.2654262542724609
0.2749629974365234
0.20081481933593748
0.1669593811035156
0.1810260772705078
0.23228607177734373
0.5753704071044923
0.14454803466796873
0.18388710021972654
0.3054805755615234
48.46269569396973
0.12523612976074217
0.20081481933593748
0.6073184967041017
0.11712989807128904
0.23395500183105467
0.20629844665527342

