0.14693222045898435
0.30333480834960935
0.3965564727783203
0.36055526733398435
0.23920021057128904
0.16028366088867185
0.08756599426269529
0.14764747619628904
0.27782402038574217
0.25827369689941404
0.2787776947021484
0.2604194641113281
0.2706714630126953
0.19103965759277342
0.1695819854736328
0.18126449584960935
0.2279945373535156
0.5658336639404298
0.15027008056640623
0.18889389038085935
0.30261955261230467
48.479146575927736
0.12285194396972654
0.20462951660156248
0.44829330444335935
0.11808357238769529
0.22561035156249998
0.20486793518066404

