0.11760673522949217
0.30452690124511717
0.3843971252441406
0.3672309875488281
0.2363391876220703
0.1612373352050781
0.1364418029785156
0.14955482482910154
0.25302848815917967
0.2585121154785156
0.28879127502441404
0.267572021484375
0.27353248596191404
0.19008598327636717
0.17244300842285154
0.18150291442871092
0.22537193298339842
0.5946823120117188
0.14621696472167967
0.18388710021972654
0.3073879241943359
48.450059509277345
0.12738189697265623
0.20153007507324217
0.6385513305664063
0.11879882812499998
0.2318092346191406
0.20296058654785154

