0.10497055053710935
0.11712989807128904
0.1848407745361328
0.1905628204345703
0.1745887756347656
0.12976608276367185
0.08613548278808592
0.1707740783691406
0.15456161499023435
0.16862831115722654
0.21416625976562498
0.1753040313720703
0.12213668823242185
0.14907798767089842
0.15074691772460935
0.21440467834472654
0.2451606750488281
0.21440467834472654
0.1154609680175781
0.15718421936035154
0.15503845214843748
0.2000995635986328
0.1466938018798828
0.15456161499023435
0.16982040405273435
0.11712989807128904
0.1402565002441406
0.08255920410156248

