0.10830841064453123
0.12809715270996092
0.1714893341064453
0.18436393737792967
0.17768821716308592
0.12595138549804685
0.0925727844238281
0.17435035705566404
0.13572654724121092
0.2184577941894531
0.3348060607910156
0.19199333190917967
0.14621696472167967
0.13620338439941404
0.16076049804687498
0.32193145751953123
0.2959438323974609
0.26447257995605467
0.12380561828613279
0.1555152893066406
0.15766105651855467
0.21130523681640623
0.1402565002441406
0.14883956909179685
0.17387351989746092
0.11307678222656248
0.1390644073486328
0.08208236694335935

