0.13882598876953123
0.12785873413085935
0.14335594177246092
0.18889389038085935
0.16409835815429685
0.12332878112792967
0.08899650573730467
0.12452087402343748
0.12165985107421873
0.16862831115722654
0.25183639526367185
0.18507919311523435
0.14883956909179685
0.10759315490722654
0.15289268493652342
0.20987472534179685
0.24444541931152342
0.2375312805175781
0.11426887512207029
0.1173683166503906
0.15480003356933592
0.20081481933593748
0.10425529479980467
0.11832199096679685
0.16266784667968748
0.10950050354003904
0.11307678222656248
0.08661231994628904

