0.1135536193847656
0.12738189697265623
0.15074691772460935
0.18937072753906248
0.17411193847656248
0.12618980407714842
0.08613548278808592
0.20248374938964842
0.1524158477783203
0.20343742370605467
0.35817108154296873
0.19533119201660154
0.14430961608886717
0.14168701171874998
0.1860328674316406
0.3207393646240234
0.2909370422363281
0.27162513732910154
0.12452087402343748
0.15599212646484373
0.15909156799316404
0.1791187286376953
0.1371570587158203
0.14621696472167967
0.17101249694824217
0.11689147949218748
0.13763389587402342
0.0830360412597656

