0.10902366638183592
0.1307197570800781
0.1447864532470703
0.18364868164062498
0.17005882263183592
0.13119659423828123
0.08851966857910154
0.1791187286376953
0.14073333740234373
0.19413909912109373
0.3398128509521484
0.19151649475097654
0.1421638488769531
0.1326271057128906
0.15074691772460935
0.3240772247314453
0.2973743438720703
0.2654262542724609
0.12070617675781248
0.1562305450439453
0.16147575378417967
0.20057640075683592
0.13882598876953123
0.14717063903808592
0.1707740783691406
0.11236152648925779
0.14383277893066404
0.08160552978515623

