0.10187110900878904
0.1326271057128906
0.14526329040527342
0.1917549133300781
0.18460235595703123
0.1295276641845703
0.09018859863281248
0.21416625976562498
0.14574012756347654
0.19986114501953123
0.3588863372802734
0.18937072753906248
0.14931640624999998
0.1364418029785156
0.15384635925292967
0.31811676025390623
0.26971778869628904
0.290460205078125
0.13215026855468748
0.14955482482910154
0.15909156799316404
0.2058216094970703
0.14192543029785154
0.14574012756347654
0.17411193847656248
0.11689147949218748
0.13858757019042967
0.08756599426269529

