0.10139427185058592
0.12809715270996092
0.16409835815429685
0.18555603027343748
0.17005882263183592
0.1257129669189453
0.08947334289550779
0.1772113800048828
0.1466938018798828
0.19723854064941404
0.35936317443847654
0.19199333190917967
0.14383277893066404
0.13429603576660154
0.16099891662597654
0.2897449493408203
0.24301490783691404
0.2840229034423828
0.1249977111816406
0.15289268493652342
0.15885314941406248
0.17506561279296873
0.10687789916992185
0.11879882812499998
0.17005882263183592
0.11641464233398435
0.11569938659667967
0.08398971557617185

