0.10711631774902342
0.13119659423828123
0.17482719421386717
0.1917549133300781
0.17315826416015623
0.13191184997558592
0.08732757568359373
0.17768821716308592
0.1505084991455078
0.19461593627929685
0.3355213165283203
0.21702728271484373
0.14836273193359373
0.13763389587402342
0.16076049804687498
0.3226467132568359
0.3004737854003906
0.26518783569335935
0.12618980407714842
0.15766105651855467
0.16099891662597654
0.17697296142578123
0.1440711975097656
0.15384635925292967
0.17625770568847654
0.11331520080566404
0.1505084991455078
0.09281120300292967

