0.1078315734863281
0.1314350128173828
0.1753040313720703
0.18889389038085935
0.17029724121093748
0.12475929260253904
0.08375129699707029
0.17864189147949217
0.14526329040527342
0.1955696105957031
0.32932243347167967
0.2127357482910156
0.14693222045898435
0.13858757019042967
0.15313110351562498
0.3188320159912109
0.28950653076171873
0.26661834716796873
0.12428245544433592
0.15670738220214842
0.15336952209472654
0.2058216094970703
0.14717063903808592
0.14574012756347654
0.17435035705566404
0.11617622375488279
0.14240226745605467
0.06658515930175779

