0.12022933959960935
0.12666664123535154
0.14740905761718748
0.19294700622558592
0.16433677673339842
0.1276203155517578
0.08732757568359373
0.1555152893066406
0.14383277893066404
0.19390068054199217
0.2978511810302734
0.18841705322265623
0.14693222045898435
0.1059242248535156
0.15837631225585935
0.23800811767578123
0.24682960510253904
0.2999969482421875
0.12213668823242185
0.12165985107421873
0.1505084991455078
0.19771537780761717
0.11069259643554685
0.13405761718749998
0.16815147399902342
0.10878524780273435
0.11283836364746092
0.0868507385253906

