0.11045417785644529
0.1269050598144531
0.15122375488281248
0.18579444885253904
0.17291984558105467
0.1352497100830078
0.08637390136718748
0.18460235595703123
0.1459785461425781
0.1955696105957031
0.33194503784179685
0.19318542480468748
0.1466938018798828
0.1364418029785156
0.1600452423095703
0.3202625274658203
0.29260597229003904
0.2687641143798828
0.12428245544433592
0.1486011505126953
0.15313110351562498
0.20272216796874998
0.14574012756347654
0.15122375488281248
0.28545341491699217
0.10806999206542967
0.13596496582031248
0.08637390136718748

