0.10449371337890623
0.12928924560546873
0.1688667297363281
0.1810260772705078
0.17697296142578123
0.1314350128173828
0.08661231994628904
0.1822181701660156
0.1505084991455078
0.19795379638671873
0.3343292236328125
0.1905628204345703
0.14693222045898435
0.1295276641845703
0.15646896362304685
0.320977783203125
0.2928443908691406
0.267572021484375
0.12094459533691404
0.15575370788574217
0.1536079406738281
0.22775611877441404
0.1364418029785156
0.14955482482910154
0.17768821716308592
0.11832199096679685
0.14383277893066404
0.08613548278808592

