0.10449371337890623
0.13095817565917967
0.18460235595703123
0.19270858764648435
0.19723854064941404
0.13477287292480467
0.09090385437011717
0.20272216796874998
0.14955482482910154
0.19461593627929685
0.3302761077880859
0.1943775177001953
0.15694580078124998
0.13739547729492185
0.1619525909423828
0.3226467132568359
0.29332122802734373
0.2654262542724609
0.12833557128906248
0.1574226379394531
0.16433677673339842
0.20606002807617185
0.14121017456054685
0.15265426635742185
0.1745887756347656
0.1173683166503906
0.1390644073486328
0.08899650573730467

