0.10282478332519529
0.13119659423828123
0.17601928710937498
0.1924701690673828
0.19700012207031248
0.13167343139648435
0.08565864562988279
0.2070137023925781
0.15289268493652342
0.2051063537597656
0.3359981536865234
0.19580802917480467
0.15003166198730467
0.14073333740234373
0.16457519531249998
0.32431564331054685
0.2961822509765625
0.24086914062499998
0.12618980407714842
0.1574226379394531
0.15408477783203123
0.2058216094970703
0.14335594177246092
0.15384635925292967
0.18054924011230467
0.11426887512207029
0.14574012756347654
0.09018859863281248

