0.1097389221191406
0.12809715270996092
0.14550170898437498
0.18388710021972654
0.17291984558105467
0.1288124084472656
0.08995018005371092
0.17411193847656248
0.14955482482910154
0.19604644775390623
0.3588863372802734
0.19032440185546873
0.15146217346191404
0.13119659423828123
0.1574226379394531
0.29308280944824217
0.2451606750488281
0.28736076354980467
0.12642822265624998
0.14764747619628904
0.15766105651855467
0.20033798217773435
0.10187110900878904
0.1505084991455078
0.17387351989746092
0.11975250244140623
0.11593780517578123
0.08041343688964842

