0.11021575927734373
0.12523612976074217
0.1505084991455078
0.19509277343749998
0.17101249694824217
0.12833557128906248
0.08971176147460935
0.17554244995117185
0.14502487182617185
0.19390068054199217
0.35101852416992185
0.19652328491210935
0.14907798767089842
0.13501129150390623
0.15909156799316404
0.2940364837646484
0.27400932312011717
0.2864070892333984
0.12547454833984373
0.14836273193359373
0.1536079406738281
0.20915946960449217
0.11069259643554685
0.14955482482910154
0.17315826416015623
0.11498413085937498
0.11569938659667967
0.08160552978515623

