0.11045417785644529
0.12809715270996092
0.14836273193359373
0.1841255187988281
0.1669593811035156
0.13310394287109373
0.08589706420898435
0.17554244995117185
0.14240226745605467
0.19342384338378904
0.33838233947753904
0.1905628204345703
0.1421638488769531
0.13429603576660154
0.16076049804687498
0.3207393646240234
0.2947517395019531
0.26018104553222654
0.12237510681152342
0.15480003356933592
0.15599212646484373
0.17697296142578123
0.13858757019042967
0.1478858947753906
0.18007240295410154
0.11188468933105467
0.14073333740234373
0.08732757568359373

