0.1021095275878906
0.1230903625488281
0.14264068603515623
0.18937072753906248
0.16600570678710935
0.13024291992187498
0.08995018005371092
0.11832199096679685
0.1211830139160156
0.1726814270019531
0.2546974182128906
0.18937072753906248
0.14502487182617185
0.1002021789550781
0.15503845214843748
0.2146430969238281
0.24229965209960935
0.24086914062499998
0.11808357238769529
0.12070617675781248
0.15193901062011717
0.19986114501953123
0.10568580627441404
0.11403045654296873
0.16791305541992185
0.11116943359374998
0.11259994506835935
0.08160552978515623

