0.09901008605957029
0.1269050598144531
0.20057640075683592
0.18007240295410154
0.1867481231689453
0.11879882812499998
0.09686431884765623
0.16719779968261717
0.14359436035156248
0.18436393737792967
0.32169303894042967
0.18650970458984373
0.13954124450683592
0.19843063354492185
0.14574012756347654
0.30905685424804685
0.30834159851074217
0.23037872314453123
0.10926208496093748
0.13763389587402342
0.15146217346191404
0.19795379638671873
0.13215026855468748
0.13548812866210935
0.16672096252441404
0.10425529479980467
0.13501129150390623
0.07206878662109373

