0.10997734069824217
0.1295276641845703
0.14264068603515623
0.18341026306152342
0.16815147399902342
0.1249977111816406
0.08947334289550779
0.18197975158691404
0.15003166198730467
0.2077289581298828
0.3569789886474609
0.19485435485839842
0.14621696472167967
0.13668022155761717
0.1574226379394531
0.298089599609375
0.24992904663085935
0.28807601928710935
0.12189826965332029
0.15408477783203123
0.16338310241699217
0.17673454284667967
0.10926208496093748
0.14955482482910154
0.1745887756347656
0.10830841064453123
0.1154609680175781
0.08208236694335935

