0.10306320190429685
0.1326271057128906
0.1924701690673828
0.1917549133300781
0.1764961242675781
0.13501129150390623
0.09161911010742185
0.1517005920410156
0.1517005920410156
0.16982040405273435
0.21798095703124998
0.16910514831542967
0.12714347839355467
0.14621696472167967
0.15027008056640623
0.21178207397460935
0.2432533264160156
0.19723854064941404
0.12022933959960935
0.15313110351562498
0.10473213195800779
0.21297416687011717
0.1402565002441406
0.1536079406738281
0.18341026306152342
0.1154609680175781
0.14621696472167967
0.08899650573730467

