0.10806999206542967
0.12618980407714842
0.15074691772460935
0.18054924011230467
0.16624412536621092
0.1249977111816406
0.08470497131347654
0.12618980407714842
0.11689147949218748
0.19199333190917967
0.25112113952636717
0.1917549133300781
0.14311752319335935
0.10663948059082029
0.15718421936035154
0.2096363067626953
0.24921379089355467
0.24659118652343748
0.11975250244140623
0.11951408386230467
0.15646896362304685
0.20534477233886717
0.10497055053710935
0.1173683166503906
0.16171417236328123
0.10711631774902342
0.10950050354003904
0.08232078552246092

