0.10663948059082029
0.13405761718749998
0.1733966827392578
0.18937072753906248
0.20057640075683592
0.12428245544433592
0.08542022705078123
0.20558319091796873
0.1466938018798828
0.19771537780761717
0.3297992706298828
0.19461593627929685
0.14907798767089842
0.14049491882324217
0.15956840515136717
0.3226467132568359
0.3004737854003906
0.2692409515380859
0.1230903625488281
0.16266784667968748
0.16147575378417967
0.20606002807617185
0.14335594177246092
0.15503845214843748
0.1753040313720703
0.10902366638183592
0.14812431335449217
0.08232078552246092

