0.10354003906249998
0.12928924560546873
0.1478858947753906
0.18722496032714842
0.16600570678710935
0.1230903625488281
0.09328804016113279
0.1447864532470703
0.11712989807128904
0.19413909912109373
0.29904327392578123
0.19008598327636717
0.14883956909179685
0.13167343139648435
0.15503845214843748
0.24611434936523435
0.24229965209960935
0.3176399230957031
0.12666664123535154
0.14454803466796873
0.15193901062011717
0.20033798217773435
0.09901008605957029
0.12285194396972654
0.16910514831542967
0.11593780517578123
0.12356719970703123
0.10497055053710935

