0.10258636474609373
0.13429603576660154
0.2077289581298828
0.18889389038085935
0.1993843078613281
0.12785873413085935
0.08995018005371092
0.17768821716308592
0.1638599395751953
0.20224533081054685
0.33719024658203123
0.19103965759277342
0.15217742919921873
0.18746337890624998
0.16147575378417967
0.3114410400390625
0.31215629577636717
0.23681602478027342
0.12046775817871092
0.15909156799316404
0.1581378936767578
0.20462951660156248
0.1409717559814453
0.14764747619628904
0.1829334259033203
0.11522254943847654
0.14264068603515623
0.0773139953613281

