0.10711631774902342
0.13024291992187498
0.17768821716308592
0.18746337890624998
0.19413909912109373
0.1307197570800781
0.09567222595214842
0.20534477233886717
0.14931640624999998
0.19676170349121092
0.332421875
0.19676170349121092
0.14717063903808592
0.13215026855468748
0.15289268493652342
0.31239471435546873
0.29069862365722654
0.26375732421875
0.1249977111816406
0.15384635925292967
0.16743621826171873
0.20343742370605467
0.15384635925292967
0.15217742919921873
0.17363510131835935
0.12142143249511717
0.14502487182617185
0.08351287841796873

