0.10449371337890623
0.14264068603515623
0.21106681823730467
0.1886554718017578
0.20176849365234373
0.13763389587402342
0.09352645874023435
0.17959556579589842
0.15694580078124998
0.17506561279296873
0.26089630126953123
0.1822181701660156
0.12452087402343748
0.1803108215332031
0.15694580078124998
0.24063072204589842
0.29069862365722654
0.2165504455566406
0.12785873413085935
0.15503845214843748
0.16076049804687498
0.20677528381347654
0.1466938018798828
0.15313110351562498
0.17864189147949217
0.11593780517578123
0.14907798767089842
0.08017501831054685

