0.10354003906249998
0.1295276641845703
0.14931640624999998
0.18889389038085935
0.16934356689453123
0.12738189697265623
0.09114227294921873
0.17935714721679685
0.15098533630371092
0.20844421386718748
0.33528289794921873
0.19890747070312498
0.1440711975097656
0.14144859313964842
0.1581378936767578
0.32479248046875
0.2954669952392578
0.31239471435546873
0.12618980407714842
0.15861473083496092
0.15861473083496092
0.20534477233886717
0.13977966308593748
0.1478858947753906
0.17101249694824217
0.11498413085937498
0.1383491516113281
0.08398971557617185

