0.10735473632812498
0.12523612976074217
0.1440711975097656
0.1829334259033203
0.16481361389160154
0.1276203155517578
0.09352645874023435
0.11784515380859373
0.12046775817871092
0.19318542480468748
0.2542205810546875
0.19223175048828123
0.14430961608886717
0.10711631774902342
0.15003166198730467
0.21392784118652342
0.24444541931152342
0.23776969909667967
0.12237510681152342
0.12642822265624998
0.15646896362304685
0.20248374938964842
0.09948692321777342
0.16171417236328123
0.17172775268554685
0.10878524780273435
0.10854682922363279
0.07779083251953123

