0.10902366638183592
0.13286552429199217
0.15646896362304685
0.18960914611816404
0.1714893341064453
0.13048133850097654
0.09567222595214842
0.15098533630371092
0.12404403686523435
0.1981922149658203
0.32765350341796873
0.18889389038085935
0.15718421936035154
0.13191184997558592
0.15837631225585935
0.24563751220703123
0.24635276794433592
0.298089599609375
0.12833557128906248
0.15027008056640623
0.15885314941406248
0.17792663574218748
0.11689147949218748
0.12332878112792967
0.16982040405273435
0.11426887512207029
0.11116943359374998
0.08565864562988279

