0.10616264343261717
0.12642822265624998
0.14574012756347654
0.18364868164062498
0.16290626525878904
0.1288124084472656
0.08947334289550779
0.14740905761718748
0.11760673522949217
0.19390068054199217
0.2737709045410156
0.1917549133300781
0.14740905761718748
0.10544738769531248
0.1555152893066406
0.23920021057128904
0.27162513732910154
0.2718635559082031
0.11665306091308592
0.11665306091308592
0.1581378936767578
0.2031990051269531
0.10449371337890623
0.1211830139160156
0.1669593811035156
0.11045417785644529
0.11403045654296873
0.08375129699707029

