0.10640106201171873
0.13119659423828123
0.1459785461425781
0.19318542480468748
0.17053565979003904
0.12595138549804685
0.08780441284179685
0.17744979858398435
0.15575370788574217
0.20105323791503904
0.35745582580566404
0.19700012207031248
0.14693222045898435
0.13882598876953123
0.1600452423095703
0.28926811218261717
0.2787776947021484
0.2883144378662109
0.12714347839355467
0.1524158477783203
0.15956840515136717
0.17673454284667967
0.11116943359374998
0.15003166198730467
0.1676746368408203
0.11212310791015623
0.11283836364746092
0.08422813415527342

