0.10806999206542967
0.13024291992187498
0.14454803466796873
0.1848407745361328
0.16648254394531248
0.13000450134277342
0.09114227294921873
0.12785873413085935
0.11498413085937498
0.19509277343749998
0.2546974182128906
0.19080123901367185
0.11450729370117185
0.10187110900878904
0.1524158477783203
0.21964988708496092
0.23896179199218748
0.26661834716796873
0.11832199096679685
0.11712989807128904
0.1543231964111328
0.20296058654785154
0.10377845764160154
0.11450729370117185
0.17578086853027342
0.1059242248535156
0.11641464233398435
0.07874450683593748

