0.10377845764160154
0.12905082702636717
0.1447864532470703
0.18531761169433592
0.16433677673339842
0.12404403686523435
0.09114227294921873
0.11903724670410154
0.12189826965332029
0.1962848663330078
0.2539821624755859
0.18746337890624998
0.14645538330078123
0.10377845764160154
0.15480003356933592
0.21440467834472654
0.24420700073242185
0.26900253295898435
0.11808357238769529
0.12094459533691404
0.15265426635742185
0.19962272644042967
0.10425529479980467
0.11951408386230467
0.16219100952148435
0.11259994506835935
0.11641464233398435
0.08089027404785154

