0.09090385437011717
0.13286552429199217
0.1631446838378906
0.19580802917480467
0.1791187286376953
0.13930282592773435
0.09376487731933592
0.08518180847167967
0.13048133850097654
0.17291984558105467
0.1955696105957031
0.17291984558105467
0.12738189697265623
0.11712989807128904
0.1345344543457031
0.17387351989746092
0.19962272644042967
0.1676746368408203
0.12237510681152342
0.15599212646484373
0.16624412536621092
0.18555603027343748
0.11712989807128904
0.15861473083496092
0.17768821716308592
0.12237510681152342
0.1230903625488281
0.08804283142089842

