0.11069259643554685
0.13119659423828123
0.15265426635742185
0.18388710021972654
0.1676746368408203
0.1257129669189453
0.08589706420898435
0.1733966827392578
0.14454803466796873
0.19342384338378904
0.35793266296386717
0.1898475646972656
0.14574012756347654
0.13286552429199217
0.15575370788574217
0.31358680725097654
0.29427490234375
0.2732940673828125
0.12022933959960935
0.15098533630371092
0.15885314941406248
0.18317184448242185
0.1390644073486328
0.15265426635742185
0.16934356689453123
0.11641464233398435
0.14144859313964842
0.07898292541503904

