0.10163269042968748
0.12857398986816404
0.14836273193359373
0.18698654174804685
0.16266784667968748
0.12452087402343748
0.08661231994628904
0.12189826965332029
0.13358078002929685
0.2115436553955078
0.252313232421875
0.1924701690673828
0.1428791046142578
0.1116462707519531
0.15718421936035154
0.21607360839843748
0.24301490783691404
0.2420612335205078
0.1230903625488281
0.1269050598144531
0.1574226379394531
0.21202049255371092
0.1097389221191406
0.11712989807128904
0.16409835815429685
0.11307678222656248
0.1097389221191406
0.08398971557617185

