0.11140785217285154
0.1288124084472656
0.1505084991455078
0.18269500732421873
0.17029724121093748
0.1314350128173828
0.09281120300292967
0.18269500732421873
0.15003166198730467
0.19962272644042967
0.3545948028564453
0.19866905212402342
0.1555152893066406
0.1402565002441406
0.15503845214843748
0.31978569030761717
0.27162513732910154
0.2871223449707031
0.12261352539062498
0.1524158477783203
0.15861473083496092
0.20653686523437498
0.14144859313964842
0.1497932434082031
0.16910514831542967
0.10926208496093748
0.11593780517578123
0.08542022705078123

