0.10878524780273435
0.1345344543457031
0.1459785461425781
0.18722496032714842
0.16672096252441404
0.12928924560546873
0.08828124999999998
0.17578086853027342
0.14621696472167967
0.19461593627929685
0.3531642913818359
0.1905628204345703
0.15336952209472654
0.13024291992187498
0.15599212646484373
0.28807601928710935
0.27019462585449217
0.282830810546875
0.1249977111816406
0.15265426635742185
0.15313110351562498
0.2020069122314453
0.10854682922363279
0.1230903625488281
0.17411193847656248
0.1135536193847656
0.11045417785644529
0.08255920410156248

