0.10234794616699217
0.1295276641845703
0.17101249694824217
0.18913230895996092
0.17411193847656248
0.13215026855468748
0.09400329589843748
0.20939788818359373
0.14764747619628904
0.20033798217773435
0.3355213165283203
0.19223175048828123
0.1536079406738281
0.1333423614501953
0.15646896362304685
0.3145404815673828
0.2909370422363281
0.26828727722167967
0.12142143249511717
0.15527687072753904
0.15646896362304685
0.17578086853027342
0.13930282592773435
0.15003166198730467
0.16600570678710935
0.10950050354003904
0.13882598876953123
0.08589706420898435

