0.11212310791015623
0.14121017456054685
0.15098533630371092
0.18698654174804685
0.17697296142578123
0.13381919860839842
0.09328804016113279
0.17864189147949217
0.15313110351562498
0.1993843078613281
0.33313713073730467
0.2020069122314453
0.15074691772460935
0.1345344543457031
0.1676746368408203
0.3297992706298828
0.30405006408691404
0.2642341613769531
0.13119659423828123
0.15503845214843748
0.16028366088867185
0.18579444885253904
0.1421638488769531
0.15313110351562498
0.1695819854736328
0.10997734069824217
0.14144859313964842
0.0887580871582031

