0.1040168762207031
0.12428245544433592
0.1466938018798828
0.1822181701660156
0.16266784667968748
0.12833557128906248
0.08947334289550779
0.1192756652832031
0.11641464233398435
0.19509277343749998
0.24873695373535154
0.18913230895996092
0.14168701171874998
0.10759315490722654
0.15313110351562498
0.21225891113281248
0.23896179199218748
0.24158439636230467
0.11832199096679685
0.12094459533691404
0.15122375488281248
0.20415267944335935
0.10187110900878904
0.12070617675781248
0.16648254394531248
0.10878524780273435
0.11450729370117185
0.0830360412597656

