0.10950050354003904
0.12452087402343748
0.14335594177246092
0.19008598327636717
0.16099891662597654
0.12809715270996092
0.08422813415527342
0.17697296142578123
0.1440711975097656
0.1955696105957031
0.35364112854003904
0.18698654174804685
0.14359436035156248
0.1295276641845703
0.15956840515136717
0.2921291351318359
0.26828727722167967
0.2947517395019531
0.11856040954589842
0.15480003356933592
0.1612373352050781
0.2058216094970703
0.11212310791015623
0.12189826965332029
0.1726814270019531
0.10568580627441404
0.11188468933105467
0.07969818115234373

