0.10616264343261717
0.12523612976074217
0.14907798767089842
0.18054924011230467
0.16433677673339842
0.13286552429199217
0.08565864562988279
0.1192756652832031
0.11569938659667967
0.19843063354492185
0.2561279296875
0.19318542480468748
0.1428791046142578
0.10640106201171873
0.15217742919921873
0.21869621276855467
0.24444541931152342
0.23872337341308592
0.11569938659667967
0.13763389587402342
0.15384635925292967
0.20462951660156248
0.09614906311035154
0.11426887512207029
0.17220458984374998
0.11593780517578123
0.1097389221191406
0.07755241394042967

