0.10640106201171873
0.12404403686523435
0.14383277893066404
0.18627128601074217
0.16362152099609373
0.1192756652832031
0.08542022705078123
0.1505084991455078
0.12213668823242185
0.19676170349121092
0.3004737854003906
0.18817863464355467
0.14764747619628904
0.1097389221191406
0.15885314941406248
0.23681602478027342
0.24849853515624998
0.3226467132568359
0.12237510681152342
0.1478858947753906
0.1497932434082031
0.20796737670898435
0.10473213195800779
0.12213668823242185
0.17125091552734373
0.10878524780273435
0.11021575927734373
0.08255920410156248

