0.10091743469238279
0.12785873413085935
0.1459785461425781
0.18460235595703123
0.16433677673339842
0.12905082702636717
0.08422813415527342
0.11808357238769529
0.1447864532470703
0.19270858764648435
0.26137313842773435
0.19103965759277342
0.11689147949218748
0.10711631774902342
0.1581378936767578
0.21750411987304685
0.2394386291503906
0.2439685821533203
0.13215026855468748
0.11879882812499998
0.15527687072753904
0.20343742370605467
0.13119659423828123
0.11903724670410154
0.17101249694824217
0.11093101501464842
0.11379203796386717
0.07326087951660154

