0.10806999206542967
0.1345344543457031
0.20939788818359373
0.19103965759277342
0.20939788818359373
0.13167343139648435
0.08446655273437498
0.17435035705566404
0.14931640624999998
0.17387351989746092
0.2566047668457031
0.16529045104980467
0.1192756652832031
0.17816505432128904
0.15789947509765623
0.2413459777832031
0.29117546081542967
0.21202049255371092
0.11999092102050779
0.1486011505126953
0.15861473083496092
0.2012916564941406
0.25064430236816404
0.17196617126464842
0.17578086853027342
0.10878524780273435
0.1428791046142578
0.07898292541503904

