0.10544738769531248
0.13000450134277342
0.18531761169433592
0.19270858764648435
0.1753040313720703
0.12595138549804685
0.09090385437011717
0.17792663574218748
0.16171417236328123
0.16982040405273435
0.21893463134765623
0.1650520324707031
0.11784515380859373
0.1466938018798828
0.15384635925292967
0.21488151550292967
0.2356239318847656
0.21988830566406248
0.1276203155517578
0.15098533630371092
0.15646896362304685
0.20248374938964842
0.1364418029785156
0.15861473083496092
0.17697296142578123
0.11212310791015623
0.13739547729492185
0.08971176147460935

