0.10759315490722654
0.13501129150390623
0.16982040405273435
0.18531761169433592
0.17554244995117185
0.12380561828613279
0.08947334289550779
0.18341026306152342
0.1505084991455078
0.19962272644042967
0.3297992706298828
0.20248374938964842
0.1428791046142578
0.13191184997558592
0.15289268493652342
0.31549415588378904
0.29117546081542967
0.2661415100097656
0.12046775817871092
0.14955482482910154
0.15122375488281248
0.1981922149658203
0.1402565002441406
0.14550170898437498
0.1695819854736328
0.11283836364746092
0.14621696472167967
0.07659873962402342

