0.07898292541503904
0.1314350128173828
0.18555603027343748
0.19604644775390623
0.17744979858398435
0.13977966308593748
0.09328804016113279
0.08995018005371092
0.1314350128173828
0.17697296142578123
0.18650970458984373
0.17101249694824217
0.12523612976074217
0.11045417785644529
0.1345344543457031
0.1714893341064453
0.18388710021972654
0.17578086853027342
0.12618980407714842
0.15217742919921873
0.16219100952148435
0.19127807617187498
0.12142143249511717
0.15766105651855467
0.16672096252441404
0.11712989807128904
0.11712989807128904
0.09161911010742185

