0.24826011657714842
0.13167343139648435
0.21511993408203123
0.18388710021972654
0.20272216796874998
0.1333423614501953
0.0887580871582031
0.17983398437499998
0.15480003356933592
0.17220458984374998
0.25827369689941404
0.17029724121093748
0.11832199096679685
0.17435035705566404
0.15408477783203123
0.24063072204589842
0.2864070892333984
0.21368942260742185
0.11593780517578123
0.15408477783203123
0.1543231964111328
0.2077289581298828
0.14001808166503904
0.15027008056640623
0.17506561279296873
0.11283836364746092
0.14764747619628904
0.08542022705078123

