0.10520896911621092
0.1333423614501953
0.20248374938964842
0.1764961242675781
0.19795379638671873
0.13095817565917967
0.09018859863281248
0.17196617126464842
0.15646896362304685
0.19461593627929685
0.33337554931640623
0.1981922149658203
0.14073333740234373
0.1841255187988281
0.16242942810058592
0.32431564331054685
0.29570541381835935
0.24086914062499998
0.13095817565917967
0.15480003356933592
0.1574226379394531
0.20725212097167967
0.1409717559814453
0.14907798767089842
0.16910514831542967
0.11784515380859373
0.13954124450683592
0.07683715820312498

