0.12070617675781248
0.1288124084472656
0.14764747619628904
0.18555603027343748
0.17029724121093748
0.12833557128906248
0.0830360412597656
0.17816505432128904
0.1486011505126953
0.19604644775390623
0.3576942443847656
0.1917549133300781
0.14836273193359373
0.13596496582031248
0.1593299865722656
0.3228851318359375
0.2732940673828125
0.2611347198486328
0.12332878112792967
0.1440711975097656
0.1612373352050781
0.18364868164062498
0.13787231445312498
0.1505084991455078
0.17101249694824217
0.11617622375488279
0.14121017456054685
0.08661231994628904

