0.10806999206542967
0.1295276641845703
0.15313110351562498
0.1917549133300781
0.16457519531249998
0.12618980407714842
0.0925727844238281
0.17125091552734373
0.14621696472167967
0.1924701690673828
0.36055526733398435
0.18650970458984373
0.14931640624999998
0.13095817565917967
0.15527687072753904
0.2921291351318359
0.27234039306640623
0.28545341491699217
0.12475929260253904
0.15503845214843748
0.1574226379394531
0.20057640075683592
0.10997734069824217
0.14550170898437498
0.18007240295410154
0.10854682922363279
0.11045417785644529
0.08017501831054685

