0.10616264343261717
0.11808357238769529
0.1486011505126953
0.19413909912109373
0.1593299865722656
0.1288124084472656
0.0868507385253906
0.12833557128906248
0.12452087402343748
0.19270858764648435
0.25135955810546873
0.19509277343749998
0.14645538330078123
0.10854682922363279
0.15408477783203123
0.2165504455566406
0.24158439636230467
0.23610076904296873
0.12714347839355467
0.11641464233398435
0.15789947509765623
0.19843063354492185
0.10497055053710935
0.11951408386230467
0.18078765869140623
0.11116943359374998
0.11641464233398435
0.08851966857910154

