0.1097389221191406
0.13024291992187498
0.1772113800048828
0.18817863464355467
0.1497932434082031
0.12785873413085935
0.08995018005371092
0.2000995635986328
0.15575370788574217
0.19866905212402342
0.3340908050537109
0.1962848663330078
0.15384635925292967
0.14121017456054685
0.1555152893066406
0.3240772247314453
0.29117546081542967
0.2623268127441406
0.12428245544433592
0.15313110351562498
0.14907798767089842
0.2077289581298828
0.14454803466796873
0.14955482482910154
0.16982040405273435
0.12165985107421873
0.14001808166503904
0.07993659973144529

