0.11093101501464842
0.1314350128173828
0.15098533630371092
0.18341026306152342
0.17244300842285154
0.1314350128173828
0.08899650573730467
0.18269500732421873
0.15861473083496092
0.1962848663330078
0.3526874542236328
0.1943775177001953
0.14693222045898435
0.13215026855468748
0.15789947509765623
0.32169303894042967
0.2725788116455078
0.29308280944824217
0.12070617675781248
0.15003166198730467
0.15861473083496092
0.2020069122314453
0.13596496582031248
0.14907798767089842
0.1714893341064453
0.11140785217285154
0.17506561279296873
0.08398971557617185

