0.11093101501464842
0.13238868713378904
0.17673454284667967
0.18555603027343748
0.19723854064941404
0.1314350128173828
0.09495697021484373
0.20033798217773435
0.1466938018798828
0.19509277343749998
0.33266029357910154
0.19509277343749998
0.1486011505126953
0.13501129150390623
0.15503845214843748
0.3176399230957031
0.29689750671386717
0.2623268127441406
0.12285194396972654
0.14883956909179685
0.1555152893066406
0.2039142608642578
0.14383277893066404
0.15456161499023435
0.17291984558105467
0.11021575927734373
0.14812431335449217
0.08279762268066404

