0.10616264343261717
0.12452087402343748
0.14574012756347654
0.18841705322265623
0.16552886962890623
0.1276203155517578
0.0887580871582031
0.1524158477783203
0.1257129669189453
0.19127807617187498
0.3271766662597656
0.18627128601074217
0.1497932434082031
0.13763389587402342
0.1593299865722656
0.2439685821533203
0.24277648925781248
0.32693824768066404
0.11951408386230467
0.14574012756347654
0.15646896362304685
0.20939788818359373
0.10425529479980467
0.1211830139160156
0.1676746368408203
0.10687789916992185
0.11403045654296873
0.08351287841796873

