0.10711631774902342
0.12642822265624998
0.17291984558105467
0.18364868164062498
0.1600452423095703
0.1295276641845703
0.08279762268066404
0.11689147949218748
0.1211830139160156
0.1936622619628906
0.2515979766845703
0.1879402160644531
0.15193901062011717
0.10759315490722654
0.15456161499023435
0.21058998107910154
0.24754486083984373
0.2401538848876953
0.12452087402343748
0.1192756652832031
0.15480003356933592
0.19580802917480467
0.10425529479980467
0.11784515380859373
0.1714893341064453
0.10520896911621092
0.1135536193847656
0.07707557678222654

