0.10830841064453123
0.13548812866210935
0.1714893341064453
0.18507919311523435
0.19127807617187498
0.12785873413085935
0.09090385437011717
0.20248374938964842
0.15027008056640623
0.19533119201660154
0.3328987121582031
0.19223175048828123
0.14192543029785154
0.13477287292480467
0.1517005920410156
0.3228851318359375
0.3016658782958984
0.26065788269042967
0.12642822265624998
0.1562305450439453
0.15694580078124998
0.20272216796874998
0.13691864013671873
0.14907798767089842
0.1688667297363281
0.1962848663330078
0.14764747619628904
0.07945976257324217

