0.1002021789550781
0.12404403686523435
0.15027008056640623
0.18341026306152342
0.1688667297363281
0.13548812866210935
0.0925727844238281
0.17578086853027342
0.1486011505126953
0.19771537780761717
0.359124755859375
0.18960914611816404
0.1562305450439453
0.13381919860839842
0.15646896362304685
0.29880485534667967
0.24492225646972654
0.28998336791992185
0.12046775817871092
0.14836273193359373
0.15336952209472654
0.2031990051269531
0.10854682922363279
0.14717063903808592
0.2191730499267578
0.11856040954589842
0.1154609680175781
0.08136711120605467

