0.10616264343261717
0.13191184997558592
0.1848407745361328
0.18531761169433592
0.19700012207031248
0.1230903625488281
0.0906654357910156
0.20033798217773435
0.14740905761718748
0.19866905212402342
0.3290840148925781
0.1943775177001953
0.14001808166503904
0.13787231445312498
0.15670738220214842
0.32121620178222654
0.29522857666015623
0.2413459777832031
0.12404403686523435
0.1581378936767578
0.15003166198730467
0.20629844665527342
0.13381919860839842
0.15027008056640623
0.17315826416015623
0.11903724670410154
0.14049491882324217
0.08804283142089842

