0.10878524780273435
0.12666664123535154
0.14931640624999998
0.1898475646972656
0.1829334259033203
0.1269050598144531
0.09567222595214842
0.1822181701660156
0.14836273193359373
0.19390068054199217
0.35745582580566404
0.19509277343749998
0.1524158477783203
0.13954124450683592
0.15766105651855467
0.29379806518554685
0.27090988159179685
0.2928443908691406
0.12475929260253904
0.15527687072753904
0.15456161499023435
0.20462951660156248
0.11283836364746092
0.14502487182617185
0.16719779968261717
0.10902366638183592
0.11522254943847654
0.08017501831054685

