0.10997734069824217
0.13215026855468748
0.14955482482910154
0.19199333190917967
0.1772113800048828
0.12738189697265623
0.09686431884765623
0.17792663574218748
0.15289268493652342
0.20343742370605467
0.35984001159667967
0.2108283996582031
0.14764747619628904
0.13310394287109373
0.1829334259033203
0.32169303894042967
0.3073879241943359
0.2687641143798828
0.12428245544433592
0.1505084991455078
0.15694580078124998
0.18388710021972654
0.14168701171874998
0.1524158477783203
0.17697296142578123
0.11569938659667967
0.1459785461425781
0.08255920410156248

