0.1078315734863281
0.14121017456054685
0.20248374938964842
0.18722496032714842
0.19604644775390623
0.12905082702636717
0.08899650573730467
0.17125091552734373
0.14931640624999998
0.1657672882080078
0.3112026214599609
0.19700012207031248
0.12380561828613279
0.1784034729003906
0.15384635925292967
0.2985664367675781
0.29141387939453123
0.23800811767578123
0.12165985107421873
0.15122375488281248
0.15956840515136717
0.21297416687011717
0.14717063903808592
0.16052207946777342
0.17005882263183592
0.11808357238769529
0.14192543029785154
0.08208236694335935

