0.10306320190429685
0.1307197570800781
0.15289268493652342
0.19390068054199217
0.16529045104980467
0.13477287292480467
0.08732757568359373
0.12666664123535154
0.11403045654296873
0.1955696105957031
0.25135955810546873
0.1943775177001953
0.15122375488281248
0.10497055053710935
0.15217742919921873
0.21368942260742185
0.24539909362792967
0.24563751220703123
0.12285194396972654
0.12237510681152342
0.15956840515136717
0.20343742370605467
0.10950050354003904
0.11856040954589842
0.16791305541992185
0.11259994506835935
0.11474571228027342
0.08661231994628904

