0.10806999206542967
0.17244300842285154
0.18197975158691404
0.17625770568847654
0.16672096252441404
0.13596496582031248
0.09519538879394529
0.17768821716308592
0.15503845214843748
0.16338310241699217
0.2191730499267578
0.1726814270019531
0.1230903625488281
0.14502487182617185
0.15336952209472654
0.2191730499267578
0.23681602478027342
0.2172657012939453
0.12714347839355467
0.14621696472167967
0.15336952209472654
0.2134510040283203
0.14693222045898435
0.15408477783203123
0.1791187286376953
0.11593780517578123
0.1466938018798828
0.0887580871582031

