0.10544738769531248
0.12618980407714842
0.14264068603515623
0.18650970458984373
0.1676746368408203
0.12738189697265623
0.09018859863281248
0.17744979858398435
0.13977966308593748
0.1993843078613281
0.36007843017578123
0.1955696105957031
0.14955482482910154
0.13286552429199217
0.18007240295410154
0.32050094604492185
0.2992816925048828
0.26661834716796873
0.13024291992187498
0.15599212646484373
0.16409835815429685
0.18269500732421873
0.13381919860839842
0.14907798767089842
0.17411193847656248
0.11522254943847654
0.14073333740234373
0.08255920410156248

