0.10473213195800779
0.1352497100830078
0.1714893341064453
0.19151649475097654
0.17792663574218748
0.13238868713378904
0.08780441284179685
0.2031990051269531
0.15122375488281248
0.20176849365234373
0.33337554931640623
0.19533119201660154
0.14693222045898435
0.13691864013671873
0.16076049804687498
0.32002410888671873
0.2909370422363281
0.26828727722167967
0.12595138549804685
0.1574226379394531
0.15670738220214842
0.20915946960449217
0.14073333740234373
0.15289268493652342
0.1764961242675781
0.11522254943847654
0.14144859313964842
0.07826766967773435

