0.10544738769531248
0.1276203155517578
0.1676746368408203
0.1822181701660156
0.20987472534179685
0.12595138549804685
0.08184394836425779
0.1726814270019531
0.14931640624999998
0.19723854064941404
0.3393360137939453
0.1943775177001953
0.1466938018798828
0.13095817565917967
0.18579444885253904
0.3226467132568359
0.2997585296630859
0.2699562072753906
0.12285194396972654
0.15766105651855467
0.15837631225585935
0.20415267944335935
0.1371570587158203
0.15193901062011717
0.1764961242675781
0.11426887512207029
0.13882598876953123
0.0773139953613281

