0.10473213195800779
0.1364418029785156
0.1676746368408203
0.1879402160644531
0.1917549133300781
0.12809715270996092
0.0925727844238281
0.20868263244628904
0.14907798767089842
0.22012672424316404
0.332421875
0.19771537780761717
0.15074691772460935
0.1390644073486328
0.1581378936767578
0.31859359741210935
0.2954669952392578
0.24754486083984373
0.12714347839355467
0.1459785461425781
0.1536079406738281
0.20939788818359373
0.14121017456054685
0.14931640624999998
0.17959556579589842
0.12094459533691404
0.13977966308593748
0.0868507385253906

