0.11021575927734373
0.12666664123535154
0.14907798767089842
0.18650970458984373
0.17220458984374998
0.13119659423828123
0.08565864562988279
0.1505084991455078
0.1486011505126953
0.19723854064941404
0.3245540618896484
0.19008598327636717
0.14550170898437498
0.10497055053710935
0.15480003356933592
0.23848495483398435
0.24492225646972654
0.31597099304199217
0.12809715270996092
0.14764747619628904
0.15456161499023435
0.2039142608642578
0.09996376037597654
0.12332878112792967
0.1695819854736328
0.11021575927734373
0.11212310791015623
0.08518180847167967

