0.10425529479980467
0.13501129150390623
0.17792663574218748
0.1886554718017578
0.17411193847656248
0.13024291992187498
0.09591064453124998
0.1803108215332031
0.15265426635742185
0.19890747070312498
0.33957443237304685
0.2000995635986328
0.14764747619628904
0.13620338439941404
0.1486011505126953
0.31167945861816404
0.2985664367675781
0.26590309143066404
0.13381919860839842
0.1524158477783203
0.1562305450439453
0.20939788818359373
0.14264068603515623
0.14645538330078123
0.1707740783691406
0.11474571228027342
0.1497932434082031
0.09018859863281248

