0.10425529479980467
0.12928924560546873
0.1536079406738281
0.18746337890624998
0.15885314941406248
0.12404403686523435
0.08899650573730467
0.12475929260253904
0.11856040954589842
0.16934356689453123
0.2527900695800781
0.18960914611816404
0.15193901062011717
0.10520896911621092
0.15027008056640623
0.21178207397460935
0.23991546630859373
0.24468383789062498
0.12094459533691404
0.1269050598144531
0.15384635925292967
0.19771537780761717
0.10735473632812498
0.1230903625488281
0.17029724121093748
0.11283836364746092
0.11093101501464842
0.08899650573730467

