0.10544738769531248
0.12618980407714842
0.1714893341064453
0.18841705322265623
0.17625770568847654
0.12618980407714842
0.08398971557617185
0.17792663574218748
0.1459785461425781
0.21058998107910154
0.3603168487548828
0.19008598327636717
0.14645538330078123
0.13501129150390623
0.15336952209472654
0.32193145751953123
0.29260597229003904
0.2692409515380859
0.1276203155517578
0.1555152893066406
0.1543231964111328
0.17244300842285154
0.14168701171874998
0.1486011505126953
0.17220458984374998
0.11236152648925779
0.1421638488769531
0.08780441284179685

