0.09209594726562498
0.12094459533691404
0.1371570587158203
0.17435035705566404
0.14955482482910154
0.11784515380859373
0.07755241394042967
0.1390644073486328
0.1333423614501953
0.19604644775390623
0.2725788116455078
0.18627128601074217
0.14144859313964842
0.10330162048339842
0.1524158477783203
0.23419342041015623
0.2432533264160156
0.2961822509765625
0.12213668823242185
0.12070617675781248
0.15766105651855467
0.2012916564941406
0.10663948059082029
0.11665306091308592
0.17315826416015623
0.11331520080566404
0.11331520080566404
0.08089027404785154

