0.1021095275878906
0.12261352539062498
0.14883956909179685
0.18555603027343748
0.1772113800048828
0.1295276641845703
0.08613548278808592
0.18078765869140623
0.14812431335449217
0.1993843078613281
0.3305145263671875
0.19676170349121092
0.14574012756347654
0.13405761718749998
0.16457519531249998
0.3188320159912109
0.2687641143798828
0.26852569580078123
0.12404403686523435
0.1581378936767578
0.15384635925292967
0.1810260772705078
0.13620338439941404
0.15027008056640623
0.1764961242675781
0.11784515380859373
0.14502487182617185
0.08470497131347654

