0.10616264343261717
0.1409717559814453
0.1726814270019531
0.18698654174804685
0.1714893341064453
0.13191184997558592
0.09519538879394529
0.18388710021972654
0.14454803466796873
0.19914588928222654
0.3534027099609375
0.19461593627929685
0.1459785461425781
0.1333423614501953
0.15265426635742185
0.32002410888671873
0.30023536682128904
0.2611347198486328
0.1269050598144531
0.15074691772460935
0.1555152893066406
0.20606002807617185
0.10544738769531248
0.15193901062011717
0.16838989257812498
0.11021575927734373
0.14574012756347654
0.0849433898925781

