0.1040168762207031
0.13358078002929685
0.18197975158691404
0.18388710021972654
0.19509277343749998
0.13286552429199217
0.08923492431640623
0.20081481933593748
0.14550170898437498
0.19986114501953123
0.33719024658203123
0.19103965759277342
0.15146217346191404
0.13930282592773435
0.16052207946777342
0.32312355041503904
0.29642066955566404
0.267572021484375
0.12857398986816404
0.15146217346191404
0.1650520324707031
0.20415267944335935
0.14192543029785154
0.24086914062499998
0.17435035705566404
0.12142143249511717
0.13620338439941404
0.0849433898925781

