0.10473213195800779
0.1314350128173828
0.20725212097167967
0.18937072753906248
0.19986114501953123
0.13477287292480467
0.09018859863281248
0.17816505432128904
0.15599212646484373
0.16934356689453123
0.27138671875
0.2012916564941406
0.1249977111816406
0.17959556579589842
0.16028366088867185
0.2687641143798828
0.29570541381835935
0.24110755920410154
0.12285194396972654
0.15909156799316404
0.15956840515136717
0.21058998107910154
0.1383491516113281
0.1497932434082031
0.17888031005859373
0.11712989807128904
0.1459785461425781
0.08470497131347654

