0.11140785217285154
0.13095817565917967
0.15003166198730467
0.1860328674316406
0.16719779968261717
0.13095817565917967
0.08780441284179685
0.15503845214843748
0.1562305450439453
0.20224533081054685
0.305718994140625
0.19866905212402342
0.14812431335449217
0.13215026855468748
0.15527687072753904
0.24826011657714842
0.2520748138427734
0.3138252258300781
0.1288124084472656
0.15193901062011717
0.16242942810058592
0.21058998107910154
0.10568580627441404
0.12213668823242185
0.1791187286376953
0.11307678222656248
0.11999092102050779
0.09042701721191404

