0.10449371337890623
0.1288124084472656
0.14645538330078123
0.19509277343749998
0.17172775268554685
0.1249977111816406
0.0944801330566406
0.1505084991455078
0.15074691772460935
0.20057640075683592
0.34911117553710935
0.18913230895996092
0.14454803466796873
0.10330162048339842
0.15885314941406248
0.26471099853515623
0.24826011657714842
0.31477890014648435
0.1211830139160156
0.14311752319335935
0.15265426635742185
0.20081481933593748
0.10687789916992185
0.11879882812499998
0.1733966827392578
0.11331520080566404
0.11212310791015623
0.0773139953613281

