0.10520896911621092
0.1249977111816406
0.18317184448242185
0.18507919311523435
0.17101249694824217
0.13000450134277342
0.08899650573730467
0.17935714721679685
0.1517005920410156
0.17506561279296873
0.2203651428222656
0.16743621826171873
0.12213668823242185
0.14240226745605467
0.1543231964111328
0.2210803985595703
0.24182281494140623
0.2134510040283203
0.11522254943847654
0.14836273193359373
0.16219100952148435
0.20653686523437498
0.13858757019042967
0.14931640624999998
0.1707740783691406
0.12213668823242185
0.13882598876953123
0.08422813415527342

