0.10568580627441404
0.12356719970703123
0.14264068603515623
0.19103965759277342
0.1612373352050781
0.12523612976074217
0.08947334289550779
0.12142143249511717
0.1555152893066406
0.19700012207031248
0.24992904663085935
0.19413909912109373
0.14812431335449217
0.11069259643554685
0.15098533630371092
0.2165504455566406
0.24492225646972654
0.27019462585449217
0.12618980407714842
0.11879882812499998
0.15575370788574217
0.20534477233886717
0.10568580627441404
0.12404403686523435
0.17625770568847654
0.11045417785644529
0.11379203796386717
0.08351287841796873

