0.11379203796386717
0.14311752319335935
0.15122375488281248
0.19151649475097654
0.1772113800048828
0.13739547729492185
0.08995018005371092
0.18126449584960935
0.14883956909179685
0.20915946960449217
0.33838233947753904
0.19223175048828123
0.15527687072753904
0.1383491516113281
0.1574226379394531
0.3226467132568359
0.2718635559082031
0.29189071655273435
0.12475929260253904
0.15885314941406248
0.16481361389160154
0.20486793518066404
0.1390644073486328
0.1536079406738281
0.17196617126464842
0.11808357238769529
0.14192543029785154
0.08232078552246092

