0.10139427185058592
0.12976608276367185
0.20606002807617185
0.19127807617187498
0.20367584228515623
0.13286552429199217
0.08947334289550779
0.17625770568847654
0.15909156799316404
0.17435035705566404
0.33146820068359373
0.1924701690673828
0.14359436035156248
0.17411193847656248
0.16099891662597654
0.31430206298828123
0.29689750671386717
0.23848495483398435
0.11712989807128904
0.1524158477783203
0.15289268493652342
0.22632560729980467
0.14430961608886717
0.1505084991455078
0.1772113800048828
0.11689147949218748
0.1409717559814453
0.08637390136718748

