0.09996376037597654
0.12237510681152342
0.14955482482910154
0.18388710021972654
0.16457519531249998
0.1249977111816406
0.08851966857910154
0.14717063903808592
0.1421638488769531
0.19533119201660154
0.3076263427734375
0.1924701690673828
0.11903724670410154
0.10306320190429685
0.15646896362304685
0.2458759307861328
0.24611434936523435
0.29880485534667967
0.11569938659667967
0.14883956909179685
0.15336952209472654
0.20534477233886717
0.10497055053710935
0.11617622375488279
0.16600570678710935
0.11116943359374998
0.09138069152832029
0.0849433898925781

