0.10735473632812498
0.1326271057128906
0.14454803466796873
0.19008598327636717
0.16862831115722654
0.12595138549804685
0.09352645874023435
0.2229877471923828
0.14383277893066404
0.19580802917480467
0.35101852416992185
0.19723854064941404
0.14454803466796873
0.13668022155761717
0.15766105651855467
0.2973743438720703
0.27138671875
0.2897449493408203
0.11808357238769529
0.15027008056640623
0.15789947509765623
0.20868263244628904
0.11259994506835935
0.14359436035156248
0.17768821716308592
0.11450729370117185
0.11760673522949217
0.07707557678222654

