0.1040168762207031
0.1288124084472656
0.17744979858398435
0.19294700622558592
0.19795379638671873
0.13238868713378904
0.09209594726562498
0.20534477233886717
0.15408477783203123
0.19771537780761717
0.33146820068359373
0.19223175048828123
0.1486011505126953
0.1402565002441406
0.1536079406738281
0.3190704345703125
0.28759918212890623
0.24253807067871092
0.12213668823242185
0.1803108215332031
0.1574226379394531
0.20534477233886717
0.14621696472167967
0.14883956909179685
0.1745887756347656
0.11259994506835935
0.13930282592773435
0.09018859863281248

