0.10663948059082029
0.12428245544433592
0.14812431335449217
0.18841705322265623
0.16409835815429685
0.13000450134277342
0.08971176147460935
0.12165985107421873
0.11593780517578123
0.1981922149658203
0.2539821624755859
0.18960914611816404
0.14717063903808592
0.10520896911621092
0.16219100952148435
0.22251091003417967
0.2496906280517578
0.24611434936523435
0.11379203796386717
0.12905082702636717
0.16219100952148435
0.20534477233886717
0.10306320190429685
0.11665306091308592
0.17554244995117185
0.11236152648925779
0.11426887512207029
0.07826766967773435

