0.1097389221191406
0.12666664123535154
0.14502487182617185
0.19580802917480467
0.1638599395751953
0.12642822265624998
0.08661231994628904
0.11879882812499998
0.13477287292480467
0.19294700622558592
0.24802169799804685
0.19580802917480467
0.14812431335449217
0.10377845764160154
0.15480003356933592
0.2127357482910156
0.2394386291503906
0.23920021057128904
0.1249977111816406
0.12189826965332029
0.2012916564941406
0.20415267944335935
0.10258636474609373
0.11760673522949217
0.16838989257812498
0.10616264343261717
0.10687789916992185
0.07850608825683592

