0.10473213195800779
0.13310394287109373
0.1478858947753906
0.19485435485839842
0.16481361389160154
0.12428245544433592
0.08756599426269529
0.17673454284667967
0.15313110351562498
0.19604644775390623
0.35745582580566404
0.19604644775390623
0.14764747619628904
0.13215026855468748
0.15265426635742185
0.29713592529296873
0.2692409515380859
0.2885528564453125
0.11999092102050779
0.14621696472167967
0.15193901062011717
0.19914588928222654
0.11093101501464842
0.15027008056640623
0.17172775268554685
0.13238868713378904
0.10544738769531248
0.07659873962402342

