0.10806999206542967
0.13167343139648435
0.17291984558105467
0.18650970458984373
0.16648254394531248
0.12785873413085935
0.09114227294921873
0.17244300842285154
0.14454803466796873
0.1924701690673828
0.33337554931640623
0.1886554718017578
0.1459785461425781
0.12976608276367185
0.1581378936767578
0.3152557373046875
0.2940364837646484
0.2661415100097656
0.12547454833984373
0.14764747619628904
0.1593299865722656
0.21035156249999998
0.14645538330078123
0.1486011505126953
0.16052207946777342
0.11379203796386717
0.1428791046142578
0.08065185546874998

