0.10878524780273435
0.13310394287109373
0.17125091552734373
0.1917549133300781
0.16982040405273435
0.12595138549804685
0.08804283142089842
0.1803108215332031
0.1447864532470703
0.19795379638671873
0.32813034057617185
0.19103965759277342
0.14383277893066404
0.13215026855468748
0.1574226379394531
0.3164478302001953
0.28998336791992185
0.2656646728515625
0.11999092102050779
0.14550170898437498
0.15837631225585935
0.20367584228515623
0.14264068603515623
0.15289268493652342
0.1707740783691406
0.11522254943847654
0.14264068603515623
0.08613548278808592

