0.10425529479980467
0.13215026855468748
0.20844421386718748
0.25493583679199217
0.2031990051269531
0.13501129150390623
0.08899650573730467
0.17816505432128904
0.16028366088867185
0.19461593627929685
0.328607177734375
0.18746337890624998
0.14836273193359373
0.1791187286376953
0.15575370788574217
0.31239471435546873
0.29332122802734373
0.2401538848876953
0.11617622375488279
0.1486011505126953
0.16052207946777342
0.20439109802246092
0.14717063903808592
0.1536079406738281
0.16910514831542967
0.11832199096679685
0.14550170898437498
0.0830360412597656

