0.1040168762207031
0.12642822265624998
0.14955482482910154
0.18341026306152342
0.16719779968261717
0.13119659423828123
0.08756599426269529
0.1772113800048828
0.14359436035156248
0.19413909912109373
0.3584095001220703
0.19032440185546873
0.15599212646484373
0.1371570587158203
0.17816505432128904
0.3584095001220703
0.2711483001708984
0.2635189056396484
0.11760673522949217
0.1505084991455078
0.15909156799316404
0.18197975158691404
0.14168701171874998
0.14526329040527342
0.1733966827392578
0.11331520080566404
0.13572654724121092
0.07564506530761717

