0.10520896911621092
0.12976608276367185
0.1593299865722656
0.18722496032714842
0.17125091552734373
0.12547454833984373
0.09138069152832029
0.15408477783203123
0.1466938018798828
0.1981922149658203
0.3328987121582031
0.19342384338378904
0.15193901062011717
0.13596496582031248
0.15837631225585935
0.2711483001708984
0.24539909362792967
0.3214546203613281
0.12022933959960935
0.14955482482910154
0.1536079406738281
0.2020069122314453
0.10878524780273435
0.12070617675781248
0.16791305541992185
0.11426887512207029
0.11999092102050779
0.08637390136718748

