0.1059242248535156
0.1307197570800781
0.20939788818359373
0.18507919311523435
0.2020069122314453
0.13572654724121092
0.09114227294921873
0.17291984558105467
0.15909156799316404
0.19866905212402342
0.30714950561523435
0.1924701690673828
0.12046775817871092
0.17387351989746092
0.15885314941406248
0.29141387939453123
0.29713592529296873
0.23586235046386717
0.12404403686523435
0.15027008056640623
0.15885314941406248
0.2096363067626953
0.1421638488769531
0.15003166198730467
0.17220458984374998
0.12213668823242185
0.14192543029785154
0.08398971557617185

