0.10330162048339842
0.12833557128906248
0.14383277893066404
0.18388710021972654
0.1669593811035156
0.12475929260253904
0.10854682922363279
0.15456161499023435
0.1459785461425781
0.1955696105957031
0.3462501525878906
0.20462951660156248
0.1517005920410156
0.11903724670410154
0.14121017456054685
0.25064430236816404
0.24063072204589842
0.2852149963378906
0.11307678222656248
0.14073333740234373
0.14693222045898435
0.19890747070312498
0.09543380737304685
0.13787231445312498
0.1600452423095703
0.10377845764160154
0.1040168762207031
0.07183036804199217

