0.10139427185058592
0.12595138549804685
0.1402565002441406
0.18722496032714842
0.1650520324707031
0.13310394287109373
0.09138069152832029
0.12428245544433592
0.12165985107421873
0.2039142608642578
0.25445899963378904
0.19127807617187498
0.15217742919921873
0.10640106201171873
0.1593299865722656
0.21702728271484373
0.2439685821533203
0.23776969909667967
0.11903724670410154
0.12666664123535154
0.16028366088867185
0.20415267944335935
0.10234794616699217
0.1173683166503906
0.1669593811035156
0.11283836364746092
0.11236152648925779
0.08255920410156248

