0.1078315734863281
0.1276203155517578
0.14955482482910154
0.1886554718017578
0.1772113800048828
0.12642822265624998
0.08851966857910154
0.12094459533691404
0.12595138549804685
0.16982040405273435
0.24921379089355467
0.18937072753906248
0.1466938018798828
0.10520896911621092
0.1524158477783203
0.21440467834472654
0.2439685821533203
0.24039230346679685
0.12785873413085935
0.12261352539062498
0.15480003356933592
0.20749053955078123
0.10091743469238279
0.14883956909179685
0.1676746368408203
0.1059242248535156
0.10640106201171873
0.07564506530761717

