0.10640106201171873
0.1257129669189453
0.1497932434082031
0.19103965759277342
0.16672096252441404
0.1295276641845703
0.09185752868652342
0.15265426635742185
0.14693222045898435
0.20176849365234373
0.3500648498535156
0.19509277343749998
0.15003166198730467
0.13048133850097654
0.15646896362304685
0.2668567657470703
0.24420700073242185
0.31406364440917967
0.12165985107421873
0.14645538330078123
0.16433677673339842
0.2031990051269531
0.10687789916992185
0.1249977111816406
0.17744979858398435
0.11593780517578123
0.1192756652832031
0.08637390136718748

