0.10377845764160154
0.13024291992187498
0.14836273193359373
0.18555603027343748
0.16791305541992185
0.12404403686523435
0.09304962158203123
0.1784034729003906
0.14764747619628904
0.1936622619628906
0.35984001159667967
0.19676170349121092
0.1497932434082031
0.1352497100830078
0.15909156799316404
0.28616867065429685
0.27234039306640623
0.28950653076171873
0.11951408386230467
0.15885314941406248
0.16147575378417967
0.1848407745361328
0.11259994506835935
0.15217742919921873
0.16624412536621092
0.11331520080566404
0.11522254943847654
0.19032440185546873

