0.10997734069824217
0.12738189697265623
0.1478858947753906
0.19294700622558592
0.18555603027343748
0.1295276641845703
0.09114227294921873
0.17792663574218748
0.15027008056640623
0.20248374938964842
0.362939453125
0.19652328491210935
0.15122375488281248
0.14001808166503904
0.18364868164062498
0.3190704345703125
0.2732940673828125
0.27162513732910154
0.12905082702636717
0.1497932434082031
0.1600452423095703
0.1791187286376953
0.14693222045898435
0.14812431335449217
0.17005882263183592
0.11474571228027342
0.13858757019042967
0.08327445983886717

