0.10830841064453123
0.12738189697265623
0.1466938018798828
0.18436393737792967
0.1714893341064453
0.12618980407714842
0.09161911010742185
0.17387351989746092
0.1536079406738281
0.19914588928222654
0.362939453125
0.19962272644042967
0.1466938018798828
0.1371570587158203
0.1848407745361328
0.3302761077880859
0.27782402038574217
0.2883144378662109
0.12595138549804685
0.1486011505126953
0.1619525909423828
0.1841255187988281
0.1421638488769531
0.1505084991455078
0.16982040405273435
0.11426887512207029
0.14001808166503904
0.09209594726562498

