0.10449371337890623
0.12595138549804685
0.15265426635742185
0.18150291442871092
0.16409835815429685
0.12428245544433592
0.08089027404785154
0.1211830139160156
0.12356719970703123
0.1936622619628906
0.2458759307861328
0.19270858764648435
0.14335594177246092
0.10377845764160154
0.1466938018798828
0.21821937561035154
0.24086914062499998
0.24563751220703123
0.1173683166503906
0.12189826965332029
0.15480003356933592
0.20534477233886717
0.1040168762207031
0.11832199096679685
0.16815147399902342
0.10473213195800779
0.10806999206542967
0.07779083251953123

