0.10497055053710935
0.12928924560546873
0.20629844665527342
0.1822181701660156
0.19533119201660154
0.1314350128173828
0.09114227294921873
0.21249732971191404
0.16242942810058592
0.19533119201660154
0.3393360137939453
0.19318542480468748
0.15003166198730467
0.19032440185546873
0.15408477783203123
0.32383880615234373
0.31668624877929685
0.2344318389892578
0.12213668823242185
0.1543231964111328
0.16290626525878904
0.20749053955078123
0.14121017456054685
0.1536079406738281
0.1714893341064453
0.11879882812499998
0.14001808166503904
0.07492980957031248

