0.10854682922363279
0.12428245544433592
0.14955482482910154
0.40823898315429685
0.17315826416015623
0.12976608276367185
0.09400329589843748
0.11665306091308592
0.11522254943847654
0.17125091552734373
0.24563751220703123
0.1924701690673828
0.14764747619628904
0.10806999206542967
0.15837631225585935
0.2153583526611328
0.2458759307861328
0.2401538848876953
0.11784515380859373
0.11975250244140623
0.19413909912109373
0.2020069122314453
0.10115585327148435
0.14359436035156248
0.16552886962890623
0.10950050354003904
0.1135536193847656
0.0830360412597656

