0.10663948059082029
0.12666664123535154
0.1524158477783203
0.18913230895996092
0.17172775268554685
0.12714347839355467
0.09042701721191404
0.17220458984374998
0.15193901062011717
0.20343742370605467
0.3557868957519531
0.19342384338378904
0.1562305450439453
0.1352497100830078
0.1886554718017578
0.2999969482421875
0.2756782531738281
0.29522857666015623
0.12475929260253904
0.15122375488281248
0.15670738220214842
0.17983398437499998
0.14311752319335935
0.15289268493652342
0.1688667297363281
0.11593780517578123
0.1486011505126953
0.08637390136718748

