0.10258636474609373
0.12738189697265623
0.14764747619628904
0.1860328674316406
0.16934356689453123
0.13119659423828123
0.08470497131347654
0.17435035705566404
0.14526329040527342
0.1955696105957031
0.35554847717285154
0.19103965759277342
0.14955482482910154
0.13000450134277342
0.15217742919921873
0.2923675537109375
0.24563751220703123
0.2866455078125
0.12356719970703123
0.1517005920410156
0.15527687072753904
0.20224533081054685
0.10878524780273435
0.1478858947753906
0.1726814270019531
0.11307678222656248
0.11426887512207029
0.09328804016113279

