0.10306320190429685
0.13548812866210935
0.2039142608642578
0.19986114501953123
0.19533119201660154
0.1314350128173828
0.09018859863281248
0.1860328674316406
0.1593299865722656
0.18197975158691404
0.3431507110595703
0.1955696105957031
0.14764747619628904
0.17816505432128904
0.15837631225585935
0.3252693176269531
0.32574615478515623
0.24373016357421873
0.12547454833984373
0.15122375488281248
0.16099891662597654
0.2058216094970703
0.14144859313964842
0.15146217346191404
0.17816505432128904
0.11498413085937498
0.1428791046142578
0.08351287841796873

