0.10497055053710935
0.12595138549804685
0.17697296142578123
0.18770179748535154
0.19294700622558592
0.13048133850097654
0.09400329589843748
0.1981922149658203
0.14502487182617185
0.19485435485839842
0.33719024658203123
0.18913230895996092
0.14717063903808592
0.1364418029785156
0.15766105651855467
0.3226467132568359
0.2921291351318359
0.26089630126953123
0.12332878112792967
0.15789947509765623
0.1612373352050781
0.20486793518066404
0.13691864013671873
0.15027008056640623
0.17601928710937498
0.12070617675781248
0.1459785461425781
0.08780441284179685

