0.11045417785644529
0.1269050598144531
0.18436393737792967
0.18841705322265623
0.17673454284667967
0.13358078002929685
0.08565864562988279
0.1714893341064453
0.14168701171874998
0.1936622619628906
0.33075294494628904
0.19223175048828123
0.14574012756347654
0.1409717559814453
0.15265426635742185
0.3226467132568359
0.29332122802734373
0.2585121154785156
0.1192756652832031
0.15885314941406248
0.1536079406738281
0.20081481933593748
0.14454803466796873
0.08017501831054685
0.17053565979003904
0.11259994506835935
0.14168701171874998
0.07779083251953123

