0.10806999206542967
0.1333423614501953
0.17578086853027342
0.19103965759277342
0.17435035705566404
0.12547454833984373
0.09757957458496092
0.17959556579589842
0.14883956909179685
0.20534477233886717
0.3386207580566406
0.1974769592285156
0.1505084991455078
0.13739547729492185
0.16457519531249998
0.3164478302001953
0.27806243896484373
0.2732940673828125
0.13119659423828123
0.16672096252441404
0.16219100952148435
0.20939788818359373
0.14836273193359373
0.15718421936035154
0.17959556579589842
0.11498413085937498
0.14049491882324217
0.08017501831054685

