0.10711631774902342
0.12785873413085935
0.14550170898437498
0.19080123901367185
0.16338310241699217
0.12380561828613279
0.08255920410156248
0.11975250244140623
0.11712989807128904
0.18913230895996092
0.25135955810546873
0.19032440185546873
0.13477287292480467
0.09972534179687498
0.1524158477783203
0.21106681823730467
0.2413459777832031
0.24110755920410154
0.1276203155517578
0.11951408386230467
0.1517005920410156
0.2020069122314453
0.09853324890136717
0.12714347839355467
0.1619525909423828
0.10806999206542967
0.1135536193847656
0.08041343688964842

