0.10544738769531248
0.12404403686523435
0.14001808166503904
0.1886554718017578
0.17053565979003904
0.1257129669189453
0.09400329589843748
0.17888031005859373
0.14931640624999998
0.19986114501953123
0.3588863372802734
0.18937072753906248
0.14645538330078123
0.1333423614501953
0.15503845214843748
0.28616867065429685
0.24635276794433592
0.2852149963378906
0.12213668823242185
0.14955482482910154
0.1505084991455078
0.1753040313720703
0.11069259643554685
0.11951408386230467
0.1650520324707031
0.11689147949218748
0.11116943359374998
0.08470497131347654

