0.10354003906249998
0.13048133850097654
0.1555152893066406
0.19461593627929685
0.16838989257812498
0.1726814270019531
0.08613548278808592
0.17697296142578123
0.15146217346191404
0.19509277343749998
0.3596015930175781
0.1917549133300781
0.15098533630371092
0.1276203155517578
0.15885314941406248
0.2959438323974609
0.2699562072753906
0.28497657775878904
0.11951408386230467
0.1517005920410156
0.1574226379394531
0.1810260772705078
0.11450729370117185
0.14955482482910154
0.1726814270019531
0.11474571228027342
0.11641464233398435
0.08327445983886717

