0.10306320190429685
0.1352497100830078
0.1726814270019531
0.1924701690673828
0.17744979858398435
0.12976608276367185
0.09281120300292967
0.20105323791503904
0.1466938018798828
0.2000995635986328
0.3374286651611328
0.19723854064941404
0.14740905761718748
0.13215026855468748
0.1581378936767578
0.3152557373046875
0.29117546081542967
0.26375732421875
0.1276203155517578
0.1497932434082031
0.16147575378417967
0.20606002807617185
0.13477287292480467
0.1447864532470703
0.1688667297363281
0.11474571228027342
0.13787231445312498
0.09233436584472654

