0.10950050354003904
0.13286552429199217
0.17125091552734373
0.1898475646972656
0.2020069122314453
0.12738189697265623
0.08375129699707029
0.20820579528808592
0.1447864532470703
0.20081481933593748
0.33313713073730467
0.19127807617187498
0.14049491882324217
0.13930282592773435
0.1536079406738281
0.31859359741210935
0.28807601928710935
0.26328048706054685
0.12142143249511717
0.15456161499023435
0.15408477783203123
0.20725212097167967
0.13954124450683592
0.15074691772460935
0.17482719421386717
0.1257129669189453
0.14049491882324217
0.07874450683593748

