0.11212310791015623
0.13429603576660154
0.1784034729003906
0.1905628204345703
0.1962848663330078
0.12642822265624998
0.09114227294921873
0.2077289581298828
0.15217742919921873
0.19223175048828123
0.33337554931640623
0.19485435485839842
0.15217742919921873
0.13477287292480467
0.1791187286376953
0.32050094604492185
0.2966590881347656
0.2687641143798828
0.12738189697265623
0.14764747619628904
0.15599212646484373
0.21202049255371092
0.14192543029785154
0.1543231964111328
0.1676746368408203
0.12094459533691404
0.14502487182617185
0.08232078552246092

