0.14311752319335935
0.13286552429199217
0.2115436553955078
0.18460235595703123
0.20081481933593748
0.13048133850097654
0.08542022705078123
0.1764961242675781
0.15861473083496092
0.19986114501953123
0.32956085205078123
0.19413909912109373
0.1459785461425781
0.1803108215332031
0.1562305450439453
0.31930885314941404
0.31787834167480467
0.23896179199218748
0.12046775817871092
0.15599212646484373
0.16219100952148435
0.2089210510253906
0.13620338439941404
0.15003166198730467
0.1733966827392578
0.12046775817871092
0.14550170898437498
0.07826766967773435

