0.11093101501464842
0.13381919860839842
0.20677528381347654
0.18388710021972654
0.20272216796874998
0.13095817565917967
0.09233436584472654
0.1791187286376953
0.15527687072753904
0.19843063354492185
0.34005126953125
0.19723854064941404
0.25708160400390623
0.1772113800048828
0.15718421936035154
0.31978569030761717
0.29308280944824217
0.24420700073242185
0.10997734069824217
0.1543231964111328
0.15980682373046873
0.21178207397460935
0.1466938018798828
0.15289268493652342
0.17125091552734373
0.12094459533691404
0.1383491516113281
0.08518180847167967

