0.10854682922363279
0.13358078002929685
0.15193901062011717
0.18746337890624998
0.16862831115722654
0.12666664123535154
0.09090385437011717
0.15003166198730467
0.12356719970703123
0.19604644775390623
0.3493495941162109
0.20105323791503904
0.1555152893066406
0.14121017456054685
0.15074691772460935
0.26781044006347654
0.25183639526367185
0.3195472717285156
0.1269050598144531
0.15193901062011717
0.15503845214843748
0.18341026306152342
0.11259994506835935
0.12642822265624998
0.16982040405273435
0.11403045654296873
0.09185752868652342
0.08351287841796873

