0.10473213195800779
0.13024291992187498
0.1497932434082031
0.18317184448242185
0.17697296142578123
0.12714347839355467
0.08732757568359373
0.18007240295410154
0.15098533630371092
0.1993843078613281
0.3336139678955078
0.19580802917480467
0.16147575378417967
0.13429603576660154
0.1829334259033203
0.3188320159912109
0.275201416015625
0.2706714630126953
0.12785873413085935
0.1497932434082031
0.15956840515136717
0.18269500732421873
0.14073333740234373
0.1440711975097656
0.16815147399902342
0.10854682922363279
0.1428791046142578
0.09757957458496092

