0.10473213195800779
0.1269050598144531
0.21106681823730467
0.19270858764648435
0.19294700622558592
0.12714347839355467
0.09304962158203123
0.17816505432128904
0.15193901062011717
0.19843063354492185
0.3641315460205078
0.19843063354492185
0.1478858947753906
0.18007240295410154
0.16076049804687498
0.3221698760986328
0.32050094604492185
0.24301490783691404
0.12547454833984373
0.15646896362304685
0.16624412536621092
0.20868263244628904
0.1447864532470703
0.1543231964111328
0.1764961242675781
0.12404403686523435
0.1459785461425781
0.08613548278808592

