0.09996376037597654
0.11999092102050779
0.13572654724121092
0.18746337890624998
0.16481361389160154
0.12142143249511717
0.08637390136718748
0.17983398437499998
0.15217742919921873
0.19580802917480467
0.3374286651611328
0.1917549133300781
0.14740905761718748
0.13167343139648435
0.15336952209472654
0.31740150451660154
0.298089599609375
0.2680488586425781
0.12237510681152342
0.15098533630371092
0.1581378936767578
0.18197975158691404
0.1447864532470703
0.14717063903808592
0.16815147399902342
0.1116462707519531
0.1383491516113281
0.07993659973144529

