0.1040168762207031
0.12380561828613279
0.1478858947753906
0.18341026306152342
0.16529045104980467
0.13024291992187498
0.08947334289550779
0.1803108215332031
0.15027008056640623
0.19485435485839842
0.33766708374023435
0.19580802917480467
0.14717063903808592
0.13501129150390623
0.1829334259033203
0.32765350341796873
0.27782402038574217
0.2604194641113281
0.12428245544433592
0.15336952209472654
0.15861473083496092
0.17768821716308592
0.13954124450683592
0.1524158477783203
0.17125091552734373
0.11331520080566404
0.13572654724121092
0.08732757568359373

