0.10497055053710935
0.1314350128173828
0.15313110351562498
0.19199333190917967
0.17101249694824217
0.1307197570800781
0.08756599426269529
0.18197975158691404
0.15074691772460935
0.20057640075683592
0.35864791870117185
0.1924701690673828
0.15146217346191404
0.13477287292480467
0.15599212646484373
0.32813034057617185
0.2775856018066406
0.28736076354980467
0.1288124084472656
0.15265426635742185
0.15909156799316404
0.18126449584960935
0.14168701171874998
0.15336952209472654
0.17005882263183592
0.11522254943847654
0.13572654724121092
0.08470497131347654

