0.10354003906249998
0.1249977111816406
0.20844421386718748
0.1848407745361328
0.1981922149658203
0.12618980407714842
0.08470497131347654
0.1784034729003906
0.16409835815429685
0.19771537780761717
0.3343292236328125
0.19723854064941404
0.14383277893066404
0.1772113800048828
0.15694580078124998
0.3202625274658203
0.2890296936035156
0.24229965209960935
0.11856040954589842
0.1562305450439453
0.15599212646484373
0.20534477233886717
0.13620338439941404
0.14836273193359373
0.16815147399902342
0.11832199096679685
0.14574012756347654
0.07659873962402342

