0.10806999206542967
0.13024291992187498
0.1555152893066406
0.19127807617187498
0.1714893341064453
0.12857398986816404
0.08565864562988279
0.17816505432128904
0.15122375488281248
0.19962272644042967
0.35626373291015623
0.19318542480468748
0.15336952209472654
0.13811073303222654
0.1631446838378906
0.3195472717285156
0.2978511810302734
0.2694793701171875
0.13286552429199217
0.15646896362304685
0.17315826416015623
0.1829334259033203
0.14168701171874998
0.15599212646484373
0.17244300842285154
0.11283836364746092
0.14121017456054685
0.08756599426269529

