0.08899650573730467
0.13048133850097654
0.15003166198730467
0.1829334259033203
0.16147575378417967
0.12666664123535154
0.08923492431640623
0.12380561828613279
0.12523612976074217
0.1917549133300781
0.2539821624755859
0.1993843078613281
0.11879882812499998
0.11379203796386717
0.15098533630371092
0.21225891113281248
0.24826011657714842
0.26900253295898435
0.12261352539062498
0.12356719970703123
0.1543231964111328
0.18436393737792967
0.1040168762207031
0.11379203796386717
0.16242942810058592
0.11212310791015623
0.11617622375488279
0.08732757568359373

