0.08589706420898435
0.1345344543457031
0.19080123901367185
0.1848407745361328
0.1784034729003906
0.1269050598144531
0.09972534179687498
0.0982948303222656
0.13381919860839842
0.17291984558105467
0.19342384338378904
0.17625770568847654
0.13739547729492185
0.1555152893066406
0.15980682373046873
0.19890747070312498
0.2051063537597656
0.19652328491210935
0.12285194396972654
0.1574226379394531
0.1581378936767578
0.18126449584960935
0.11808357238769529
0.1505084991455078
0.1764961242675781
0.11903724670410154
0.14836273193359373
0.08804283142089842

