0.13691864013671873
0.12666664123535154
0.1478858947753906
0.1905628204345703
0.16791305541992185
0.12452087402343748
0.08828124999999998
0.12094459533691404
0.12380561828613279
0.16934356689453123
0.25135955810546873
0.1867481231689453
0.1486011505126953
0.10616264343261717
0.15408477783203123
0.21058998107910154
0.24373016357421873
0.24611434936523435
0.12475929260253904
0.11999092102050779
0.15384635925292967
0.20367584228515623
0.10806999206542967
0.12022933959960935
0.16457519531249998
0.10926208496093748
0.11331520080566404
0.07945976257324217

