0.11379203796386717
0.12928924560546873
0.15193901062011717
0.19199333190917967
0.16862831115722654
0.13119659423828123
0.08780441284179685
0.1772113800048828
0.14264068603515623
0.19461593627929685
0.3526874542236328
0.1943775177001953
0.14621696472167967
0.13930282592773435
0.15146217346191404
0.29570541381835935
0.2649494171142578
0.29260597229003904
0.1192756652832031
0.14550170898437498
0.15789947509765623
0.17482719421386717
0.31549415588378904
0.14621696472167967
0.16552886962890623
0.10568580627441404
0.10902366638183592
0.07564506530761717

