0.10377845764160154
0.13191184997558592
0.2031990051269531
0.18841705322265623
0.19533119201660154
0.13191184997558592
0.08208236694335935
0.17578086853027342
0.16028366088867185
0.16362152099609373
0.3050037384033203
0.18579444885253904
0.11903724670410154
0.17935714721679685
0.15122375488281248
0.29427490234375
0.2864070892333984
0.24277648925781248
0.11856040954589842
0.15217742919921873
0.15384635925292967
0.20153007507324217
0.13930282592773435
0.1478858947753906
0.1726814270019531
0.11593780517578123
0.13858757019042967
0.08947334289550779

