0.10258636474609373
0.1249977111816406
0.14955482482910154
0.1936622619628906
0.17053565979003904
0.12475929260253904
0.10044059753417967
0.17864189147949217
0.1486011505126953
0.19318542480468748
0.3576942443847656
0.1905628204345703
0.1447864532470703
0.13381919860839842
0.15384635925292967
0.29332122802734373
0.26852569580078123
0.2923675537109375
0.12142143249511717
0.15265426635742185
0.15384635925292967
0.18150291442871092
0.11474571228027342
0.14907798767089842
0.1676746368408203
0.10687789916992185
0.11021575927734373
0.08732757568359373

