0.10950050354003904
0.13429603576660154
0.17363510131835935
0.18388710021972654
0.19986114501953123
0.1288124084472656
0.062293624877929665
0.20033798217773435
0.1486011505126953
0.19795379638671873
0.33146820068359373
0.2012916564941406
0.14311752319335935
0.13238868713378904
0.1497932434082031
0.3171630859375
0.29332122802734373
0.2413459777832031
0.12261352539062498
0.15408477783203123
0.15789947509765623
0.21011314392089842
0.14001808166503904
0.15670738220214842
0.17864189147949217
0.11140785217285154
0.14693222045898435
0.0868507385253906

