0.10258636474609373
0.12857398986816404
0.15336952209472654
0.19294700622558592
0.1676746368408203
0.12642822265624998
0.09376487731933592
0.17435035705566404
0.15289268493652342
0.19413909912109373
0.3519721984863281
0.19127807617187498
0.16338310241699217
0.1314350128173828
0.15885314941406248
0.2852149963378906
0.24754486083984373
0.28497657775878904
0.12404403686523435
0.14883956909179685
0.15909156799316404
0.18174133300781248
0.1097389221191406
0.1517005920410156
0.16862831115722654
0.11093101501464842
0.11188468933105467
0.08518180847167967

