0.10187110900878904
0.12547454833984373
0.14764747619628904
0.19032440185546873
0.15909156799316404
0.12094459533691404
0.09042701721191404
0.19318542480468748
0.15146217346191404
0.20248374938964842
0.35054168701171873
0.19700012207031248
0.16290626525878904
0.13501129150390623
0.15980682373046873
0.2630420684814453
0.24873695373535154
0.3145404815673828
0.11975250244140623
0.15098533630371092
0.15861473083496092
0.2070137023925781
0.10616264343261717
0.11951408386230467
0.1803108215332031
0.11021575927734373
0.11093101501464842
0.08804283142089842

