0.14883956909179685
0.1593299865722656
0.4404254913330078
0.31787834167480467
0.27353248596191404
0.15599212646484373
0.09233436584472654
0.11903724670410154
0.16672096252441404
0.23133239746093748
0.26781044006347654
0.267572021484375
0.15503845214843748
0.13596496582031248
0.1714893341064453
0.23037872314453123
0.23800811767578123
0.2504058837890625
0.11712989807128904
0.16481361389160154
0.19413909912109373
0.3131099700927734
0.09519538879394529
0.13620338439941404
0.25255165100097654
0.08756599426269529
0.18531761169433592
0.1059242248535156

