0.14264068603515623
0.1555152893066406
0.31549415588378904
0.30261955261230467
0.2561279296875
0.15193901062011717
0.08398971557617185
0.11140785217285154
0.1631446838378906
0.20343742370605467
0.2699562072753906
0.2673336029052734
0.15384635925292967
0.12618980407714842
0.1478858947753906
0.21988830566406248
0.2833076477050781
0.26328048706054685
0.09281120300292967
0.15766105651855467
0.17053565979003904
0.24158439636230467
0.09495697021484373
0.1314350128173828
0.20939788818359373
0.07445297241210935
0.18388710021972654
0.08351287841796873

