0.14740905761718748
0.16242942810058592
0.4327960968017578
0.3259845733642578
0.27472457885742185
0.15003166198730467
0.08351287841796873
0.11403045654296873
0.16838989257812498
0.22537193298339842
0.29880485534667967
0.26637992858886717
0.16099891662597654
0.12380561828613279
0.16600570678710935
0.2299018859863281
0.26709518432617185
0.24659118652343748
0.12046775817871092
0.15265426635742185
0.2020069122314453
0.31430206298828123
0.09519538879394529
0.1402565002441406
0.2470680236816406
0.08327445983886717
0.1810260772705078
0.10806999206542967

