0.14955482482910154
0.16862831115722654
0.34028968811035154
0.5727478027343751
0.2928443908691406
0.20796737670898435
0.08398971557617185
0.14931640624999998
0.20081481933593748
0.3703304290771484
0.3698535919189453
0.3309913635253906
0.21106681823730467
0.1936622619628906
0.2814002990722656
0.33456764221191404
0.3131099700927734
0.4144378662109375
0.23538551330566404
0.45520744323730467
0.30953369140625
0.4537769317626953
0.1695819854736328
0.16099891662597654
0.33385238647460935
0.13572654724121092
0.20367584228515623
0.11069259643554685

