0.14144859313964842
0.15885314941406248
0.41586837768554685
0.3233619689941406
0.2763935089111328
0.14955482482910154
0.08136711120605467
0.11283836364746092
0.16242942810058592
0.22918663024902342
0.28950653076171873
0.26256523132324217
0.15694580078124998
0.13167343139648435
0.16362152099609373
0.22727928161621092
0.2337165832519531
0.2515979766845703
0.1173683166503906
0.1581378936767578
0.19533119201660154
0.313348388671875
0.09090385437011717
0.17005882263183592
0.27973136901855467
0.08184394836425779
0.18436393737792967
0.10282478332519529

