0.14073333740234373
0.16219100952148435
0.3169246673583984
0.32693824768066404
0.2749629974365234
0.15289268493652342
0.08542022705078123
0.11283836364746092
0.16362152099609373
0.22727928161621092
0.2661415100097656
0.2668567657470703
0.16052207946777342
0.12785873413085935
0.13977966308593748
0.22513351440429685
0.2618499755859375
0.24635276794433592
0.09495697021484373
0.15694580078124998
0.19843063354492185
0.3150173187255859
0.09281120300292967
0.1333423614501953
0.22584877014160154
0.08136711120605467
0.1867481231689453
0.10640106201171873

