0.14550170898437498
0.15599212646484373
0.31477890014648435
0.29832801818847654
0.25255165100097654
0.15408477783203123
0.08780441284179685
0.10926208496093748
0.16862831115722654
0.20486793518066404
0.2711483001708984
0.2756782531738281
0.15313110351562498
0.12547454833984373
0.14502487182617185
0.22251091003417967
0.2833076477050781
0.24754486083984373
0.09710273742675779
0.16028366088867185
0.17888031005859373
0.2680488586425781
0.09805641174316404
0.13358078002929685
0.21130523681640623
0.07826766967773435
0.1848407745361328
0.08327445983886717

