0.14764747619628904
0.17005882263183592
0.3495880126953125
0.5813308715820313
0.2878376007080078
0.24682960510253904
0.07874450683593748
0.14574012756347654
0.1936622619628906
0.36556205749511717
0.3722377777099609
0.32479248046875
0.20462951660156248
0.19390068054199217
0.2783008575439453
0.33337554931640623
0.3169246673583984
0.41157684326171873
0.23848495483398435
0.4587837219238281
0.3004737854003906
0.47237358093261717
0.16743621826171873
0.16147575378417967
0.32956085205078123
0.12714347839355467
0.19580802917480467
0.10497055053710935

