0.15074691772460935
0.1650520324707031
0.34148178100585935
0.5808540344238282
0.28807601928710935
0.20820579528808592
0.08542022705078123
0.14311752319335935
0.18746337890624998
0.3646083831787109
0.36746940612792967
0.3328987121582031
0.2127357482910156
0.21440467834472654
0.2859302520751953
0.3302761077880859
0.32002410888671873
0.39870223999023435
0.23514709472656248
0.45592269897460935
0.3038116455078125
0.44638595581054685
0.17125091552734373
0.16242942810058592
0.33313713073730467
0.1364418029785156
0.19771537780761717
0.11379203796386717

