0.15599212646484373
0.1707740783691406
0.351495361328125
0.6037422180175782
0.31287155151367185
0.2668567657470703
0.08780441284179685
0.14764747619628904
0.1962848663330078
0.41920623779296873
0.43255767822265623
0.33504447937011717
0.21130523681640623
0.17005882263183592
0.2775856018066406
0.35531005859375
0.3424354553222656
0.40823898315429685
0.23681602478027342
0.5255409240722657
0.30643424987792967
0.5024143218994142
0.20868263244628904
0.1638599395751953
0.332421875
0.12928924560546873
0.20081481933593748
0.10759315490722654

