0.21631202697753904
0.20224533081054685
0.3927417755126953
0.427789306640625
0.39417228698730467
0.27996978759765623
0.1173683166503906
0.1714893341064453
0.28378448486328123
0.37342987060546873
0.6731220245361329
0.49049339294433597
0.2725788116455078
0.11856040954589842
0.23705444335937498
0.3081031799316406
0.32550773620605467
0.27901611328125
0.18937072753906248
0.37152252197265623
0.3073879241943359
0.3779598236083984
0.2306171417236328
0.22060356140136717
0.34791908264160154
0.13858757019042967
0.20653686523437498
0.16171417236328123

