0.14693222045898435
0.1562305450439453
0.44018707275390623
0.3283687591552734
0.26828727722167967
0.14907798767089842
0.08780441284179685
0.1192756652832031
0.16600570678710935
0.22179565429687498
0.28807601928710935
0.26661834716796873
0.16219100952148435
0.13429603576660154
0.16362152099609373
0.22370300292968748
0.23872337341308592
0.25135955810546873
0.12046775817871092
0.15718421936035154
0.1943775177001953
0.30905685424804685
0.09519538879394529
0.1631446838378906
0.27281723022460935
0.07898292541503904
0.1829334259033203
0.09328804016113279

