0.1486011505126953
0.1676746368408203
0.42159042358398435
0.3283687591552734
0.2699562072753906
0.15646896362304685
0.08780441284179685
0.1078315734863281
0.16529045104980467
0.2210803985595703
0.27234039306640623
0.2618499755859375
0.1574226379394531
0.12142143249511717
0.17411193847656248
0.21821937561035154
0.24110755920410154
0.24826011657714842
0.1257129669189453
0.30071220397949217
0.2039142608642578
0.31024894714355467
0.09352645874023435
0.15670738220214842
0.2718635559082031
0.08804283142089842
0.18197975158691404
0.10187110900878904

