0.1497932434082031
0.16409835815429685
0.43446502685546873
0.3305145263671875
0.2725788116455078
0.14645538330078123
0.09233436584472654
0.11021575927734373
0.16099891662597654
0.23085556030273435
0.2985664367675781
0.2649494171142578
0.16743621826171873
0.13358078002929685
0.17005882263183592
0.23037872314453123
0.2401538848876953
0.2508827209472656
0.12618980407714842
0.15646896362304685
0.20558319091796873
0.31430206298828123
0.09090385437011717
0.16242942810058592
0.27019462585449217
0.08804283142089842
0.18507919311523435
0.10830841064453123

