0.13763389587402342
0.16457519531249998
0.32693824768066404
0.3004737854003906
0.24992904663085935
0.15193901062011717
0.08446655273437498
0.11212310791015623
0.16815147399902342
0.22465667724609373
0.27281723022460935
0.2699562072753906
0.15480003356933592
0.12618980407714842
0.16242942810058592
0.2222724914550781
0.2844997406005859
0.2539821624755859
0.09376487731933592
0.16147575378417967
0.1745887756347656
0.2999969482421875
0.09614906311035154
0.1371570587158203
0.2318092346191406
0.08351287841796873
0.1764961242675781
0.10950050354003904

