0.14121017456054685
0.15503845214843748
0.32169303894042967
0.30142745971679685
0.24492225646972654
0.15456161499023435
0.08851966857910154
0.10950050354003904
0.16672096252441404
0.22465667724609373
0.267572021484375
0.26661834716796873
0.15575370788574217
0.12452087402343748
0.13811073303222654
0.2229877471923828
0.2852149963378906
0.24992904663085935
0.09233436584472654
0.15885314941406248
0.19700012207031248
0.31406364440917967
0.0925727844238281
0.13548812866210935
0.2287097930908203
0.08041343688964842
0.17792663574218748
0.1002021789550781

