0.18722496032714842
0.19533119201660154
0.3443428039550781
0.35411796569824217
0.3481575012207031
0.2051063537597656
0.12142143249511717
0.17291984558105467
0.26852569580078123
0.34028968811035154
0.6311603546142579
0.47833404541015623
0.26900253295898435
0.16552886962890623
0.2337165832519531
0.28616867065429685
0.3221698760986328
0.27353248596191404
0.18197975158691404
0.34219703674316404
0.30333480834960935
0.3531642913818359
0.19700012207031248
0.21440467834472654
0.3114410400390625
0.12857398986816404
0.18913230895996092
0.16934356689453123

