0.15146217346191404
0.16529045104980467
0.3264614105224609
0.3245540618896484
0.2687641143798828
0.15027008056640623
0.08542022705078123
0.11021575927734373
0.21106681823730467
0.22561035156249998
0.29141387939453123
0.26280364990234373
0.15789947509765623
0.12618980407714842
0.16600570678710935
0.22203407287597654
0.26208839416503904
0.24301490783691404
0.11879882812499998
0.1497932434082031
0.19962272644042967
0.31048736572265623
0.09161911010742185
0.13977966308593748
0.25302848815917967
0.0868507385253906
0.17744979858398435
0.10115585327148435

