0.14430961608886717
0.16648254394531248
0.43041191101074217
0.32693824768066404
0.24992904663085935
0.15694580078124998
0.09662590026855467
0.10950050354003904
0.1638599395751953
0.23157081604003904
0.2694793701171875
0.26280364990234373
0.15480003356933592
0.12976608276367185
0.17005882263183592
0.22251091003417967
0.26018104553222654
0.24873695373535154
0.11832199096679685
0.1555152893066406
0.19223175048828123
0.3107257843017578
0.08899650573730467
0.14264068603515623
0.25112113952636717
0.07993659973144529
0.1784034729003906
0.10234794616699217

