0.1505084991455078
0.16862831115722654
0.34338912963867185
0.6361671447753907
0.28998336791992185
0.24659118652343748
0.08422813415527342
0.14717063903808592
0.19390068054199217
0.3932186126708984
0.36436996459960935
0.33575973510742185
0.2127357482910156
0.1898475646972656
0.27782402038574217
0.3328987121582031
0.31406364440917967
0.40895423889160154
0.23467025756835935
0.45973739624023435
0.30261955261230467
0.47499618530273435
0.16838989257812498
0.16433677673339842
0.33528289794921873
0.13238868713378904
0.19771537780761717
0.1097389221191406

