0.14645538330078123
0.15694580078124998
0.42993507385253904
0.3266998291015625
0.24945220947265623
0.15408477783203123
0.08422813415527342
0.1097389221191406
0.16552886962890623
0.2268024444580078
0.2737709045410156
0.267572021484375
0.16028366088867185
0.1307197570800781
0.17387351989746092
0.22894821166992185
0.2611347198486328
0.2501674652099609
0.12547454833984373
0.1638599395751953
0.20343742370605467
0.3171630859375
0.07945976257324217
0.14001808166503904
0.2489753723144531
0.08279762268066404
0.17935714721679685
0.10115585327148435

