0.14264068603515623
0.15694580078124998
0.4106231689453125
0.3328987121582031
0.26709518432617185
0.1486011505126953
0.08947334289550779
0.12404403686523435
0.16362152099609373
0.22441825866699217
0.26637992858886717
0.26900253295898435
0.1555152893066406
0.13119659423828123
0.16791305541992185
0.21774253845214842
0.24182281494140623
0.24253807067871092
0.11903724670410154
0.15861473083496092
0.19533119201660154
0.31024894714355467
0.11832199096679685
0.1631446838378906
0.24754486083984373
0.07802925109863279
0.1772113800048828
0.10640106201171873

