0.14240226745605467
0.15980682373046873
0.43422660827636717
0.3271766662597656
0.2699562072753906
0.1497932434082031
0.0868507385253906
0.11426887512207029
0.16481361389160154
0.2306171417236328
0.2692409515380859
0.27138671875
0.15956840515136717
0.12618980407714842
0.16600570678710935
0.22656402587890623
0.23872337341308592
0.2489753723144531
0.11903724670410154
0.15336952209472654
0.19986114501953123
0.31740150451660154
0.09686431884765623
0.13501129150390623
0.24682960510253904
0.08279762268066404
0.18960914611816404
0.10806999206542967

