0.1466938018798828
0.1638599395751953
0.3417201995849609
0.6020732879638673
0.3152557373046875
0.27090988159179685
0.08947334289550779
0.14955482482910154
0.19342384338378904
0.3915496826171875
0.3946491241455078
0.37772140502929685
0.21178207397460935
0.19509277343749998
0.27901611328125
0.3557868957519531
0.3405281066894531
0.4339881896972656
0.25898895263671873
0.5260177612304688
0.30953369140625
0.505752182006836
0.17244300842285154
0.1886554718017578
0.3512569427490234
0.13381919860839842
0.1974769592285156
0.11307678222656248

