0.14764747619628904
0.1650520324707031
0.3481575012207031
0.5758472442626954
0.29308280944824217
0.24492225646972654
0.08398971557617185
0.14907798767089842
0.1962848663330078
0.36770782470703123
0.3717609405517578
0.3321834564208984
0.21202049255371092
0.19270858764648435
0.27090988159179685
0.3531642913818359
0.3145404815673828
0.4122920989990234
0.2725788116455078
0.4721351623535156
0.3038116455078125
0.4778572082519531
0.1753040313720703
0.1619525909423828
0.32765350341796873
0.13548812866210935
0.1993843078613281
0.11999092102050779

