0.14454803466796873
0.16171417236328123
0.32169303894042967
0.3061958312988281
0.2542205810546875
0.1486011505126953
0.08470497131347654
0.11808357238769529
0.16409835815429685
0.22775611877441404
0.26828727722167967
0.26471099853515623
0.15527687072753904
0.13215026855468748
0.14001808166503904
0.22561035156249998
0.282830810546875
0.2508827209472656
0.09853324890136717
0.16147575378417967
0.17601928710937498
0.30858001708984373
0.09352645874023435
0.13620338439941404
0.22751770019531248
0.0773139953613281
0.18364868164062498
0.07659873962402342

