0.15027008056640623
0.1714893341064453
0.34338912963867185
0.604934310913086
0.31358680725097654
0.26637992858886717
0.08255920410156248
0.15003166198730467
0.19342384338378904
0.3927417755126953
0.40108642578125
0.37128410339355467
0.21297416687011717
0.19270858764648435
0.2864070892333984
0.3507801055908203
0.34291229248046873
0.43804130554199217
0.23085556030273435
0.5002685546875001
0.30023536682128904
0.4993148803710938
0.17291984558105467
0.1619525909423828
0.35364112854003904
0.12809715270996092
0.20153007507324217
0.11021575927734373

