0.14550170898437498
0.15694580078124998
0.3145404815673828
0.3023811340332031
0.25517425537109373
0.14955482482910154
0.0868507385253906
0.10902366638183592
0.16099891662597654
0.28426132202148435
0.2711483001708984
0.267572021484375
0.15909156799316404
0.12523612976074217
0.14168701171874998
0.22203407287597654
0.2923675537109375
0.24754486083984373
0.09400329589843748
0.15527687072753904
0.17172775268554685
0.27019462585449217
0.09209594726562498
0.4690357208251953
0.20606002807617185
0.08089027404785154
0.17792663574218748
0.08089027404785154

