0.14168701171874998
0.15956840515136717
0.32503089904785154
0.32741508483886717
0.27591667175292967
0.15003166198730467
0.11426887512207029
0.11140785217285154
0.15909156799316404
0.23014030456542967
0.2656646728515625
0.2635189056396484
0.15909156799316404
0.12452087402343748
0.14717063903808592
0.2229877471923828
0.26781044006347654
0.24921379089355467
0.10425529479980467
0.1612373352050781
0.19604644775390623
0.3081031799316406
0.09567222595214842
0.13954124450683592
0.24826011657714842
0.08327445983886717
0.18126449584960935
0.10616264343261717

