0.13954124450683592
0.15766105651855467
0.31477890014648435
0.30834159851074217
0.25565109252929685
0.15456161499023435
0.08208236694335935
0.10854682922363279
0.16600570678710935
0.2089210510253906
0.2694793701171875
0.2656646728515625
0.15456161499023435
0.1269050598144531
0.15074691772460935
0.2210803985595703
0.2847381591796875
0.25064430236816404
0.08947334289550779
0.1612373352050781
0.17172775268554685
0.2616115570068359
0.08756599426269529
0.13811073303222654
0.2051063537597656
0.07755241394042967
0.1772113800048828
0.1059242248535156

