0.1555152893066406
0.16743621826171873
0.34338912963867185
0.6337829589843751
0.3202625274658203
0.27234039306640623
0.08732757568359373
0.1486011505126953
0.20057640075683592
0.39751014709472654
0.4015632629394531
0.37390670776367185
0.21488151550292967
0.19604644775390623
0.27663192749023435
0.3603168487548828
0.3405281066894531
0.4213520050048828
0.2611347198486328
0.5241104125976563
0.3112026214599609
0.534123992919922
0.1650520324707031
0.1917549133300781
0.3565021514892578
0.13763389587402342
0.19890747070312498
0.10950050354003904

