0.14931640624999998
0.15909156799316404
0.3240772247314453
0.32360038757324217
0.27019462585449217
0.15670738220214842
0.08851966857910154
0.11021575927734373
0.1619525909423828
0.22823295593261717
0.2730556488037109
0.27019462585449217
0.16147575378417967
0.12428245544433592
0.1581378936767578
0.22203407287597654
0.2649494171142578
0.2504058837890625
0.09185752868652342
0.16624412536621092
0.2039142608642578
0.27734718322753904
0.09281120300292967
0.1409717559814453
0.23228607177734373
0.08518180847167967
0.17935714721679685
0.1040168762207031

