0.15146217346191404
0.17029724121093748
0.34672698974609373
0.5975433349609376
0.3164478302001953
0.2439685821533203
0.08565864562988279
0.14311752319335935
0.1924701690673828
0.362939453125
0.39369544982910154
0.33003768920898435
0.2115436553955078
0.19318542480468748
0.2725788116455078
0.35483322143554685
0.3188320159912109
0.44018707275390623
0.23538551330566404
0.4971691131591797
0.31787834167480467
0.4771419525146484
0.16600570678710935
0.16409835815429685
0.3348060607910156
0.1307197570800781
0.19986114501953123
0.11403045654296873

