0.14192543029785154
0.1600452423095703
0.41014633178710935
0.3278919219970703
0.2680488586425781
0.14550170898437498
0.08398971557617185
0.1078315734863281
0.16481361389160154
0.23109397888183592
0.3016658782958984
0.26375732421875
0.16552886962890623
0.12928924560546873
0.16672096252441404
0.2279945373535156
0.24420700073242185
0.2520748138427734
0.12618980407714842
0.15694580078124998
0.19223175048828123
0.3131099700927734
0.09018859863281248
0.16743621826171873
0.27353248596191404
0.08065185546874998
0.17959556579589842
0.10449371337890623

