0.14764747619628904
0.15480003356933592
0.4313655853271484
0.3264614105224609
0.27090988159179685
0.15265426635742185
0.08756599426269529
0.11331520080566404
0.1650520324707031
0.22251091003417967
0.2668567657470703
0.26637992858886717
0.1600452423095703
0.1295276641845703
0.17387351989746092
0.2241798400878906
0.23490867614746092
0.24921379089355467
0.12022933959960935
0.15336952209472654
0.19580802917480467
0.3114410400390625
0.08804283142089842
0.1352497100830078
0.2508827209472656
0.07826766967773435
0.17983398437499998
0.10830841064453123

