0.14836273193359373
0.16409835815429685
0.3474422454833984
0.6015964508056642
0.3176399230957031
0.2489753723144531
0.08780441284179685
0.14740905761718748
0.2039142608642578
0.39226493835449217
0.39417228698730467
0.33122978210449217
0.20725212097167967
0.1936622619628906
0.2768703460693359
0.35674057006835935
0.3202625274658203
0.42659721374511717
0.23729286193847654
0.49812278747558597
0.30858001708984373
0.5086132049560548
0.20629844665527342
0.16791305541992185
0.33385238647460935
0.13167343139648435
0.20415267944335935
0.11236152648925779

