0.14907798767089842
0.1593299865722656
0.3297992706298828
0.3271766662597656
0.27162513732910154
0.15408477783203123
0.08661231994628904
0.12237510681152342
0.16910514831542967
0.23133239746093748
0.27543983459472654
0.2661415100097656
0.15599212646484373
0.1295276641845703
0.14717063903808592
0.22894821166992185
0.2616115570068359
0.24873695373535154
0.09161911010742185
0.16099891662597654
0.2070137023925781
0.31549415588378904
0.08851966857910154
0.13668022155761717
0.24468383789062498
0.08780441284179685
0.18174133300781248
0.1078315734863281

