0.14717063903808592
0.15599212646484373
0.41014633178710935
0.3278919219970703
0.2687641143798828
0.15336952209472654
0.08422813415527342
0.11259994506835935
0.16362152099609373
0.22561035156249998
0.27853927612304685
0.26518783569335935
0.1555152893066406
0.12452087402343748
0.1688667297363281
0.22394142150878904
0.2585121154785156
0.24659118652343748
0.12237510681152342
0.15956840515136717
0.20534477233886717
0.3088184356689453
0.08851966857910154
0.13024291992187498
0.28497657775878904
0.08065185546874998
0.18269500732421873
0.09924850463867185

