0.14454803466796873
0.1574226379394531
0.31787834167480467
0.3145404815673828
0.24873695373535154
0.15336952209472654
0.09138069152832029
0.11426887512207029
0.16624412536621092
0.20033798217773435
0.27162513732910154
0.26828727722167967
0.15861473083496092
0.13048133850097654
0.14335594177246092
0.23109397888183592
0.2897449493408203
0.24659118652343748
0.08947334289550779
0.15599212646484373
0.17625770568847654
0.2630420684814453
0.09281120300292967
0.13477287292480467
0.20606002807617185
0.08565864562988279
0.18627128601074217
0.08160552978515623

