0.1466938018798828
0.15766105651855467
0.4335113525390625
0.3266998291015625
0.2694793701171875
0.15193901062011717
0.08708915710449217
0.11045417785644529
0.1657672882080078
0.22632560729980467
0.29189071655273435
0.27234039306640623
0.1612373352050781
0.13000450134277342
0.1676746368408203
0.21702728271484373
0.24277648925781248
0.24682960510253904
0.12189826965332029
0.15384635925292967
0.20606002807617185
0.31287155151367185
0.09400329589843748
0.16076049804687498
0.2768703460693359
0.08756599426269529
0.18150291442871092
0.10258636474609373

