0.14883956909179685
0.16076049804687498
0.41324577331542967
0.3266998291015625
0.2783008575439453
0.15456161499023435
0.08661231994628904
0.1116462707519531
0.16838989257812498
0.21607360839843748
0.29832801818847654
0.2699562072753906
0.1638599395751953
0.1314350128173828
0.17172775268554685
0.22584877014160154
0.2382465362548828
0.25755844116210935
0.11856040954589842
0.15885314941406248
0.19723854064941404
0.3131099700927734
0.09805641174316404
0.16290626525878904
0.27472457885742185
0.08422813415527342
0.1810260772705078
0.11283836364746092

