0.1497932434082031
0.16171417236328123
0.3207393646240234
0.3252693176269531
0.27853927612304685
0.15789947509765623
0.09471855163574217
0.11569938659667967
0.18507919311523435
0.23109397888183592
0.2699562072753906
0.27090988159179685
0.1536079406738281
0.1257129669189453
0.14264068603515623
0.22155723571777342
0.2706714630126953
0.2520748138427734
0.0925727844238281
0.16433677673339842
0.1764961242675781
0.31811676025390623
0.09757957458496092
0.14144859313964842
0.23300132751464842
0.08422813415527342
0.19008598327636717
0.10568580627441404

