0.13882598876953123
0.1581378936767578
0.3157325744628906
0.3030963897705078
0.2711483001708984
0.15718421936035154
0.08160552978515623
0.11498413085937498
0.16838989257812498
0.23204765319824217
0.26971778869628904
0.2661415100097656
0.15909156799316404
0.1276203155517578
0.14526329040527342
0.23228607177734373
0.26709518432617185
0.25374374389648435
0.09757957458496092
0.15456161499023435
0.2020069122314453
0.31477890014648435
0.09328804016113279
0.14049491882324217
0.23467025756835935
0.08661231994628904
0.1810260772705078
0.10306320190429685

