0.14311752319335935
0.15694580078124998
0.32240829467773435
0.3340908050537109
0.2458759307861328
0.15503845214843748
0.0811286926269531
0.11403045654296873
0.16934356689453123
0.22632560729980467
0.2732940673828125
0.2749629974365234
0.15861473083496092
0.12738189697265623
0.14574012756347654
0.22394142150878904
0.29332122802734373
0.24682960510253904
0.09948692321777342
0.1574226379394531
0.1981922149658203
0.30667266845703123
0.09233436584472654
0.13882598876953123
0.2268024444580078
0.08208236694335935
0.17935714721679685
0.09924850463867185

