0.15074691772460935
0.1631446838378906
0.31811676025390623
0.3061958312988281
0.26208839416503904
0.15646896362304685
0.08804283142089842
0.11259994506835935
0.16552886962890623
0.2031990051269531
0.2504058837890625
0.26781044006347654
0.15480003356933592
0.1269050598144531
0.14836273193359373
0.2287097930908203
0.29117546081542967
0.27090988159179685
0.09352645874023435
0.15503845214843748
0.17005882263183592
0.24349174499511717
0.08780441284179685
0.13548812866210935
0.20629844665527342
0.08255920410156248
0.18627128601074217
0.08136711120605467

