0.1402565002441406
0.15456161499023435
0.3226467132568359
0.2992816925048828
0.24420700073242185
0.1447864532470703
0.08422813415527342
0.11283836364746092
0.16862831115722654
0.20057640075683592
0.26781044006347654
0.27543983459472654
0.1612373352050781
0.12666664123535154
0.14454803466796873
0.25064430236816404
0.28926811218261717
0.2489753723144531
0.1257129669189453
0.16028366088867185
0.16934356689453123
0.26471099853515623
0.09424171447753904
0.13596496582031248
0.20820579528808592
0.08041343688964842
0.18126449584960935
0.07945976257324217

