0.14073333740234373
0.16338310241699217
0.3228851318359375
0.3228851318359375
0.26852569580078123
0.14812431335449217
0.08971176147460935
0.10997734069824217
0.16552886962890623
0.22394142150878904
0.26328048706054685
0.2680488586425781
0.1562305450439453
0.12523612976074217
0.14335594177246092
0.22370300292968748
0.26375732421875
0.25326690673828123
0.09805641174316404
0.15408477783203123
0.19843063354492185
0.31430206298828123
0.08971176147460935
0.13858757019042967
0.23991546630859373
0.08708915710449217
0.18197975158691404
0.08232078552246092

