0.14001808166503904
0.15313110351562498
0.3150173187255859
0.2973743438720703
0.2451606750488281
0.1497932434082031
0.08136711120605467
0.11832199096679685
0.19080123901367185
0.22918663024902342
0.26661834716796873
0.2635189056396484
0.15909156799316404
0.12857398986816404
0.14955482482910154
0.22060356140136717
0.28378448486328123
0.2451606750488281
0.09495697021484373
0.1619525909423828
0.17506561279296873
0.2852149963378906
0.09614906311035154
0.14001808166503904
0.23467025756835935
0.08041343688964842
0.18078765869140623
0.08756599426269529

