0.1543231964111328
0.17029724121093748
0.3183551788330078
0.5205341339111329
0.2923675537109375
0.20939788818359373
0.08732757568359373
0.14812431335449217
0.19843063354492185
0.36365470886230467
0.36127052307128904
0.32479248046875
0.20653686523437498
0.21058998107910154
0.2794929504394531
0.32884559631347654
0.31740150451660154
0.41324577331542967
0.23109397888183592
0.31215629577636717
0.305718994140625
0.4182525634765625
0.1409717559814453
0.1657672882080078
0.3317066192626953
0.12618980407714842
0.19914588928222654
0.11474571228027342

