0.14168701171874998
0.1555152893066406
0.4389949798583984
0.32479248046875
0.27400932312011717
0.14574012756347654
0.08756599426269529
0.11259994506835935
0.1695819854736328
0.2279945373535156
0.26447257995605467
0.26661834716796873
0.1612373352050781
0.13310394287109373
0.16815147399902342
0.21964988708496092
0.23848495483398435
0.29952011108398435
0.11784515380859373
0.15384635925292967
0.20105323791503904
0.31167945861816404
0.09400329589843748
0.14049491882324217
0.25517425537109373
0.07969818115234373
0.1829334259033203
0.10878524780273435

