0.13429603576660154
0.1486011505126953
0.31215629577636717
0.32312355041503904
0.2394386291503906
0.13691864013671873
0.07516822814941404
0.1097389221191406
0.1562305450439453
0.22942504882812498
0.29427490234375
0.26709518432617185
0.15646896362304685
0.13572654724121092
0.16648254394531248
0.21774253845214842
0.2566047668457031
0.2515979766845703
0.11903724670410154
0.15837631225585935
0.19866905212402342
0.30786476135253904
0.09591064453124998
0.14502487182617185
0.24849853515624998
0.07755241394042967
0.18960914611816404
0.10568580627441404

