0.17220458984374998
0.17792663574218748
0.4072853088378906
0.33456764221191404
0.27138671875
0.15503845214843748
0.08446655273437498
0.11403045654296873
0.17005882263183592
0.22346458435058592
0.2947517395019531
0.26852569580078123
0.16028366088867185
0.12976608276367185
0.16648254394531248
0.22322616577148435
0.24086914062499998
0.2661415100097656
0.1288124084472656
0.15646896362304685
0.1943775177001953
0.31549415588378904
0.09233436584472654
0.16862831115722654
0.2992816925048828
0.07945976257324217
0.18174133300781248
0.10568580627441404

