0.14550170898437498
0.15527687072753904
0.3271766662597656
0.3431507110595703
0.2732940673828125
0.15027008056640623
0.08351287841796873
0.11522254943847654
0.16815147399902342
0.22823295593261717
0.27353248596191404
0.26661834716796873
0.1612373352050781
0.12738189697265623
0.17244300842285154
0.23538551330566404
0.24182281494140623
0.24826011657714842
0.11689147949218748
0.15718421936035154
0.20176849365234373
0.313348388671875
0.0906654357910156
0.14073333740234373
0.2546974182128906
0.07993659973144529
0.17983398437499998
0.10354003906249998

