0.22131881713867185
0.20248374938964842
0.36389312744140623
0.42612037658691404
0.3767677307128906
0.27973136901855467
0.11975250244140623
0.1695819854736328
0.2732940673828125
0.3417201995849609
0.6747909545898438
0.513381576538086
0.2756782531738281
0.12142143249511717
0.23514709472656248
0.3061958312988281
0.32503089904785154
0.2840229034423828
0.19151649475097654
0.36198577880859373
0.31477890014648435
0.38082084655761717
0.1955696105957031
0.2172657012939453
0.3321834564208984
0.14121017456054685
0.20462951660156248
0.17005882263183592

