0.14311752319335935
0.1581378936767578
0.42802772521972654
0.3245540618896484
0.24468383789062498
0.14526329040527342
0.0887580871582031
0.1097389221191406
0.16076049804687498
0.22274932861328123
0.27400932312011717
0.26280364990234373
0.15599212646484373
0.12356719970703123
0.1657672882080078
0.2191730499267578
0.26518783569335935
0.24826011657714842
0.12094459533691404
0.1600452423095703
0.20033798217773435
0.31597099304199217
0.08971176147460935
0.16433677673339842
0.27424774169921873
0.08089027404785154
0.18746337890624998
0.10902366638183592

