0.13763389587402342
0.16481361389160154
0.32121620178222654
0.328607177734375
0.22632560729980467
0.1459785461425781
0.08708915710449217
0.11116943359374998
0.16910514831542967
0.22394142150878904
0.26828727722167967
0.26661834716796873
0.16147575378417967
0.1269050598144531
0.13954124450683592
0.22942504882812498
0.26447257995605467
0.2501674652099609
0.09209594726562498
0.15098533630371092
0.19580802917480467
0.3107257843017578
0.09018859863281248
0.13977966308593748
0.22465667724609373
0.07588348388671873
0.18460235595703123
0.10687789916992185

