0.22274932861328123
0.1924701690673828
0.3653236389160156
0.41920623779296873
0.37319145202636717
0.2732940673828125
0.11712989807128904
0.17578086853027342
0.2732940673828125
0.3691383361816406
0.6747909545898438
0.5076595306396485
0.26256523132324217
0.11760673522949217
0.23920021057128904
0.31096420288085935
0.32360038757324217
0.2787776947021484
0.19103965759277342
0.3679462432861328
0.30476531982421873
0.3755756378173828
0.20343742370605467
0.22251091003417967
0.3379055023193359
0.13620338439941404
0.20987472534179685
0.16529045104980467

