0.14645538330078123
0.15789947509765623
0.43947181701660154
0.32479248046875
0.26637992858886717
0.15265426635742185
0.08160552978515623
0.11403045654296873
0.16719779968261717
0.22584877014160154
0.2871223449707031
0.2673336029052734
0.15694580078124998
0.1288124084472656
0.16862831115722654
0.22847137451171873
0.2585121154785156
0.24945220947265623
0.12785873413085935
0.16290626525878904
0.19580802917480467
0.3195472717285156
0.10067901611328123
0.1371570587158203
0.275201416015625
0.08184394836425779
0.17363510131835935
0.10759315490722654

