0.15027008056640623
0.1695819854736328
0.3171630859375
0.5272098541259767
0.2744861602783203
0.16052207946777342
0.08398971557617185
0.14430961608886717
0.1917549133300781
0.36627731323242185
0.366754150390625
0.3328987121582031
0.20987472534179685
0.21631202697753904
0.27901611328125
0.32956085205078123
0.31477890014648435
0.41515312194824217
0.23347816467285154
0.31430206298828123
0.30595741271972654
0.42659721374511717
0.14001808166503904
0.16719779968261717
0.33719024658203123
0.13477287292480467
0.1993843078613281
0.11283836364746092

