0.15003166198730467
0.1555152893066406
0.32765350341796873
0.3240772247314453
0.24563751220703123
0.15336952209472654
0.09161911010742185
0.11760673522949217
0.17697296142578123
0.25183639526367185
0.2699562072753906
0.26781044006347654
0.16552886962890623
0.1314350128173828
0.14836273193359373
0.21821937561035154
0.26375732421875
0.2501674652099609
0.12022933959960935
0.15265426635742185
0.19700012207031248
0.3138252258300781
0.09328804016113279
0.14168701171874998
0.25183639526367185
0.07707557678222654
0.18269500732421873
0.10520896911621092

