0.1440711975097656
0.15909156799316404
0.32574615478515623
0.3023811340332031
0.2635189056396484
0.15336952209472654
0.0868507385253906
0.11140785217285154
0.17291984558105467
0.22465667724609373
0.27281723022460935
0.27043304443359373
0.16147575378417967
0.12618980407714842
0.13977966308593748
0.22060356140136717
0.28306922912597654
0.24849853515624998
0.09686431884765623
0.16338310241699217
0.1726814270019531
0.30905685424804685
0.09519538879394529
0.13691864013671873
0.2318092346191406
0.08065185546874998
0.1764961242675781
0.10330162048339842

