0.14383277893066404
0.15861473083496092
0.3195472717285156
0.29379806518554685
0.2496906280517578
0.1517005920410156
0.08589706420898435
0.11474571228027342
0.16862831115722654
0.2229877471923828
0.26375732421875
0.2649494171142578
0.15956840515136717
0.12189826965332029
0.13954124450683592
0.22537193298339842
0.28688392639160154
0.2508827209472656
0.09805641174316404
0.1505084991455078
0.19461593627929685
0.31477890014648435
0.08542022705078123
0.13358078002929685
0.22155723571777342
0.0754066467285156
0.18317184448242185
0.10449371337890623

