0.14931640624999998
0.15670738220214842
0.32169303894042967
0.3023811340332031
0.1981922149658203
0.14955482482910154
0.08446655273437498
0.10377845764160154
0.16147575378417967
0.20081481933593748
0.2694793701171875
0.26089630126953123
0.14907798767089842
0.12261352539062498
0.14240226745605467
0.22060356140136717
0.2844997406005859
0.24611434936523435
0.09924850463867185
0.1638599395751953
0.17482719421386717
0.26661834716796873
0.09090385437011717
0.14383277893066404
0.20820579528808592
0.08422813415527342
0.17768821716308592
0.07826766967773435

