0.15074691772460935
0.15646896362304685
0.4339881896972656
0.3297992706298828
0.25517425537109373
0.15098533630371092
0.08708915710449217
0.10711631774902342
0.17029724121093748
0.2287097930908203
0.27138671875
0.26590309143066404
0.15694580078124998
0.1276203155517578
0.17053565979003904
0.22394142150878904
0.23800811767578123
0.25064430236816404
0.11879882812499998
0.16290626525878904
0.20367584228515623
0.3176399230957031
0.09543380737304685
0.1421638488769531
0.27996978759765623
0.07850608825683592
0.18054924011230467
0.08184394836425779

