0.19604644775390623
0.19509277343749998
0.3724761962890625
0.3991790771484375
0.37724456787109373
0.25135955810546873
0.1154609680175781
0.17673454284667967
0.26900253295898435
0.34005126953125
0.6709762573242188
0.5069442749023438
0.2725788116455078
0.1421638488769531
0.23204765319824217
0.30261955261230467
0.3207393646240234
0.2756782531738281
0.19127807617187498
0.36556205749511717
0.30858001708984373
0.374383544921875
0.20057640075683592
0.22203407287597654
0.34219703674316404
0.13000450134277342
0.20915946960449217
0.1676746368408203

