0.15336952209472654
0.1707740783691406
0.3474422454833984
0.6008811950683595
0.2890296936035156
0.24682960510253904
0.08732757568359373
0.15098533630371092
0.19223175048828123
0.3932186126708984
0.37342987060546873
0.3393360137939453
0.20939788818359373
0.19604644775390623
0.28187713623046873
0.3495880126953125
0.3226467132568359
0.41324577331542967
0.2325244903564453
0.4990764617919922
0.30071220397949217
0.4747577667236328
0.1657672882080078
0.16838989257812498
0.3290840148925781
0.1383491516113281
0.20033798217773435
0.1211830139160156

