0.14383277893066404
0.15789947509765623
0.4327960968017578
0.3271766662597656
0.2470680236816406
0.15670738220214842
0.08995018005371092
0.12070617675781248
0.1650520324707031
0.23109397888183592
0.2897449493408203
0.2630420684814453
0.16529045104980467
0.12475929260253904
0.1688667297363281
0.23705444335937498
0.23967704772949217
0.2527900695800781
0.12022933959960935
0.20749053955078123
0.19342384338378904
0.3131099700927734
0.09924850463867185
0.13620338439941404
0.2718635559082031
0.08470497131347654
0.18388710021972654
0.11045417785644529

