0.14574012756347654
0.15861473083496092
0.32383880615234373
0.30214271545410154
0.25302848815917967
0.15670738220214842
0.08613548278808592
0.10830841064453123
0.16672096252441404
0.22942504882812498
0.27090988159179685
0.2604194641113281
0.16099891662597654
0.12332878112792967
0.1447864532470703
0.22537193298339842
0.28736076354980467
0.24635276794433592
0.09662590026855467
0.1543231964111328
0.1688667297363281
0.3114410400390625
0.09304962158203123
0.1333423614501953
0.2287097930908203
0.08136711120605467
0.17792663574218748
0.10258636474609373

