0.13954124450683592
0.15861473083496092
0.3188320159912109
0.29522857666015623
0.2508827209472656
0.15599212646484373
0.08828124999999998
0.11379203796386717
0.1669593811035156
0.2260871887207031
0.2730556488037109
0.2635189056396484
0.15670738220214842
0.12332878112792967
0.14311752319335935
0.22727928161621092
0.282830810546875
0.24539909362792967
0.09400329589843748
0.1536079406738281
0.1707740783691406
0.313348388671875
0.09138069152832029
0.13238868713378904
0.22561035156249998
0.07969818115234373
0.18126449584960935
0.10735473632812498

