0.14574012756347654
0.1695819854736328
0.3398128509521484
0.6595321655273438
0.3476806640625
0.2730556488037109
0.08446655273437498
0.14621696472167967
0.19914588928222654
0.39751014709472654
0.4027553558349609
0.37652931213378904
0.21392784118652342
0.16624412536621092
0.27996978759765623
0.35292587280273435
0.34481964111328123
0.41968307495117185
0.26375732421875
0.524825668334961
0.32741508483886717
0.5806156158447267
0.17387351989746092
0.18817863464355467
0.3538795471191406
0.1307197570800781
0.22632560729980467
0.11283836364746092

