0.14645538330078123
0.16624412536621092
0.32431564331054685
0.5317398071289063
0.26089630126953123
0.20272216796874998
0.08470497131347654
0.15575370788574217
0.19199333190917967
0.3672309875488281
0.36937675476074217
0.33957443237304685
0.2115436553955078
0.22704086303710935
0.27782402038574217
0.36770782470703123
0.32002410888671873
0.41396102905273435
0.23204765319824217
0.34672698974609373
0.3042884826660156
0.42302093505859373
0.1409717559814453
0.16552886962890623
0.3321834564208984
0.13405761718749998
0.20224533081054685
0.11116943359374998

