0.14240226745605467
0.15909156799316404
0.31811676025390623
0.3283687591552734
0.27281723022460935
0.1497932434082031
0.08637390136718748
0.11069259643554685
0.16719779968261717
0.22847137451171873
0.29904327392578123
0.26375732421875
0.16934356689453123
0.12523612976074217
0.15575370788574217
0.22632560729980467
0.2616115570068359
0.25112113952636717
0.09495697021484373
0.16791305541992185
0.20081481933593748
0.31215629577636717
0.09090385437011717
0.13954124450683592
0.2566047668457031
0.08828124999999998
0.18245658874511717
0.11331520080566404

