0.13167343139648435
0.14359436035156248
0.42468986511230467
0.3207393646240234
0.26590309143066404
0.14001808166503904
0.0754066467285156
0.10449371337890623
0.16529045104980467
0.21678886413574217
0.28235397338867185
0.25946578979492185
0.1543231964111328
0.1276203155517578
0.17411193847656248
0.22251091003417967
0.23514709472656248
0.24921379089355467
0.12642822265624998
0.15384635925292967
0.1955696105957031
0.31358680725097654
0.0906654357910156
0.1428791046142578
0.28044662475585935
0.08065185546874998
0.17482719421386717
0.10735473632812498

