0.15766105651855467
0.17506561279296873
0.34481964111328123
0.4575916290283203
0.23991546630859373
0.1631446838378906
0.08327445983886717
0.15408477783203123
0.20153007507324217
0.3386207580566406
0.3424354553222656
0.2809234619140625
0.21750411987304685
0.22084197998046873
0.2558895111083984
0.30405006408691404
0.3259845733642578
0.32622299194335935
0.2153583526611328
0.29069862365722654
0.28736076354980467
0.4022785186767578
0.11617622375488279
0.16862831115722654
0.3419586181640625
0.11641464233398435
0.20415267944335935
0.11784515380859373

