0.13501129150390623
0.16028366088867185
0.4080005645751953
0.3290840148925781
0.27281723022460935
0.14693222045898435
0.07826766967773435
0.10926208496093748
0.16529045104980467
0.22894821166992185
0.2661415100097656
0.27090988159179685
0.1555152893066406
0.13310394287109373
0.1688667297363281
0.2229877471923828
0.2394386291503906
0.2489753723144531
0.12165985107421873
0.1536079406738281
0.19294700622558592
0.31597099304199217
0.08947334289550779
0.17506561279296873
0.27353248596191404
0.08327445983886717
0.1733966827392578
0.10497055053710935

