0.10926208496093748
0.11760673522949217
0.3443428039550781
0.46283683776855467
0.22918663024902342
0.1638599395751953
0.08184394836425779
0.14454803466796873
0.19390068054199217
0.3359981536865234
0.34028968811035154
0.2825923919677734
0.21583518981933592
0.2153583526611328
0.2558895111083984
0.25517425537109373
0.3228851318359375
0.32813034057617185
0.21440467834472654
0.2825923919677734
0.28426132202148435
0.40108642578125
0.12261352539062498
0.1669593811035156
0.3328987121582031
0.10139427185058592
0.19413909912109373
0.11116943359374998

