0.15027008056640623
0.16719779968261717
0.34672698974609373
0.631637191772461
0.31430206298828123
0.2649494171142578
0.08446655273437498
0.14574012756347654
0.18960914611816404
0.39107284545898435
0.39250335693359373
0.3755756378173828
0.20749053955078123
0.1905628204345703
0.27424774169921873
0.35602531433105467
0.3443428039550781
0.4103847503662109
0.2630420684814453
0.5312629699707032
0.305718994140625
0.5288787841796876
0.1753040313720703
0.19199333190917967
0.3290840148925781
0.13167343139648435
0.22632560729980467
0.11379203796386717

