0.14264068603515623
0.15289268493652342
0.31859359741210935
0.30214271545410154
0.24992904663085935
0.1497932434082031
0.07945976257324217
0.11569938659667967
0.16600570678710935
0.22584877014160154
0.2656646728515625
0.26518783569335935
0.15289268493652342
0.12404403686523435
0.1428791046142578
0.22179565429687498
0.2604194641113281
0.2451606750488281
0.10306320190429685
0.15575370788574217
0.17387351989746092
0.30953369140625
0.0925727844238281
0.13620338439941404
0.2222724914550781
0.0830360412597656
0.17816505432128904
0.07612190246582029

