0.14550170898437498
0.17220458984374998
0.43374977111816404
0.3259845733642578
0.27472457885742185
0.1574226379394531
0.08398971557617185
0.11283836364746092
0.17053565979003904
0.22751770019531248
0.26709518432617185
0.26471099853515623
0.1543231964111328
0.12857398986816404
0.17196617126464842
0.2191730499267578
0.2337165832519531
0.24992904663085935
0.11856040954589842
0.16076049804687498
0.19390068054199217
0.3207393646240234
0.10067901611328123
0.1409717559814453
0.2732940673828125
0.12285194396972654
0.1803108215332031
0.10330162048339842

