0.15456161499023435
0.16934356689453123
0.3214546203613281
0.5257793426513673
0.2885528564453125
0.20749053955078123
0.08160552978515623
0.14883956909179685
0.19580802917480467
0.36580047607421873
0.37342987060546873
0.3290840148925781
0.2089210510253906
0.18913230895996092
0.2825923919677734
0.3297992706298828
0.32050094604492185
0.4130073547363281
0.2337165832519531
0.31477890014648435
0.305718994140625
0.4492469787597656
0.1402565002441406
0.16934356689453123
0.33122978210449217
0.13000450134277342
0.18531761169433592
0.10830841064453123

