0.14454803466796873
0.15789947509765623
0.4275508880615234
0.32765350341796873
0.2527900695800781
0.15456161499023435
0.0944801330566406
0.11283836364746092
0.16600570678710935
0.22775611877441404
0.29570541381835935
0.2699562072753906
0.16052207946777342
0.12595138549804685
0.16934356689453123
0.22346458435058592
0.23681602478027342
0.24539909362792967
0.12475929260253904
0.15575370788574217
0.20176849365234373
0.3195472717285156
0.12380561828613279
0.1364418029785156
0.24826011657714842
0.08589706420898435
0.18317184448242185
0.10234794616699217

