0.14693222045898435
0.16099891662597654
0.4282661437988281
0.3264614105224609
0.25064430236816404
0.1517005920410156
0.08232078552246092
0.10497055053710935
0.16672096252441404
0.23109397888183592
0.26781044006347654
0.2654262542724609
0.15313110351562498
0.13095817565917967
0.1428791046142578
0.22179565429687498
0.25636634826660154
0.2527900695800781
0.11999092102050779
0.16028366088867185
0.19533119201660154
0.31430206298828123
0.09304962158203123
0.13858757019042967
0.27615509033203123
0.08732757568359373
0.18078765869140623
0.10735473632812498

