0.14621696472167967
0.15789947509765623
0.4332729339599609
0.3283687591552734
0.25898895263671873
0.15313110351562498
0.08589706420898435
0.11021575927734373
0.17554244995117185
0.22918663024902342
0.2661415100097656
0.26852569580078123
0.15217742919921873
0.12332878112792967
0.17220458984374998
0.22346458435058592
0.23538551330566404
0.25326690673828123
0.12332878112792967
0.15789947509765623
0.2394386291503906
0.3138252258300781
0.08971176147460935
0.13620338439941404
0.25302848815917967
0.08232078552246092
0.1803108215332031
0.1078315734863281

