0.14144859313964842
0.16052207946777342
0.320977783203125
0.29904327392578123
0.2515979766845703
0.14812431335449217
0.08422813415527342
0.11426887512207029
0.16076049804687498
0.22060356140136717
0.26447257995605467
0.26590309143066404
0.1524158477783203
0.1295276641845703
0.14717063903808592
0.21988830566406248
0.28569183349609373
0.2504058837890625
0.08947334289550779
0.15694580078124998
0.17291984558105467
0.3119178771972656
0.08923492431640623
0.14645538330078123
0.2229877471923828
0.07969818115234373
0.18150291442871092
0.10759315490722654

