0.14073333740234373
0.15646896362304685
0.4106231689453125
0.3259845733642578
0.2768703460693359
0.15527687072753904
0.08708915710449217
0.11283836364746092
0.1650520324707031
0.22942504882812498
0.2883144378662109
0.26637992858886717
0.16219100952148435
0.12189826965332029
0.17363510131835935
0.22322616577148435
0.2439685821533203
0.24730644226074217
0.1154609680175781
0.15646896362304685
0.19890747070312498
0.31430206298828123
0.08232078552246092
0.1428791046142578
0.30261955261230467
0.08375129699707029
0.18078765869140623
0.10568580627441404

