0.14121017456054685
0.1581378936767578
0.31978569030761717
0.2992816925048828
0.25183639526367185
0.1486011505126953
0.09185752868652342
0.11188468933105467
0.17220458984374998
0.20081481933593748
0.2730556488037109
0.2706714630126953
0.1612373352050781
0.13024291992187498
0.14264068603515623
0.2203651428222656
0.2897449493408203
0.2501674652099609
0.09757957458496092
0.16099891662597654
0.1745887756347656
0.26900253295898435
0.09686431884765623
0.14049491882324217
0.20749053955078123
0.07874450683593748
0.1886554718017578
0.10544738769531248

