0.14812431335449217
0.15122375488281248
0.4106231689453125
0.3297992706298828
0.2439685821533203
0.1536079406738281
0.08398971557617185
0.12142143249511717
0.16552886962890623
0.22203407287597654
0.29308280944824217
0.27138671875
0.15408477783203123
0.12595138549804685
0.1726814270019531
0.24659118652343748
0.2375312805175781
0.2546974182128906
0.11879882812499998
0.15837631225585935
0.19914588928222654
0.31287155151367185
0.09042701721191404
0.16266784667968748
0.2496906280517578
0.07850608825683592
0.17768821716308592
0.10258636474609373

