0.22131881713867185
0.19509277343749998
0.3774829864501953
0.43422660827636717
0.3913112640380859
0.27472457885742185
0.10878524780273435
0.18650970458984373
0.27138671875
0.36627731323242185
0.7038780212402345
0.503606414794922
0.26781044006347654
0.13501129150390623
0.25493583679199217
0.30214271545410154
0.3207393646240234
0.2763935089111328
0.18436393737792967
0.49240074157714847
0.3138252258300781
0.38463554382324217
0.22084197998046873
0.22584877014160154
0.34005126953125
0.13429603576660154
0.2077289581298828
0.17005882263183592

