0.1428791046142578
0.15408477783203123
0.3188320159912109
0.332421875
0.2730556488037109
0.15074691772460935
0.08947334289550779
0.1078315734863281
0.1669593811035156
0.2248950958251953
0.2699562072753906
0.26399574279785154
0.16457519531249998
0.1345344543457031
0.14526329040527342
0.22632560729980467
0.26375732421875
0.25302848815917967
0.10354003906249998
0.16099891662597654
0.1993843078613281
0.31215629577636717
0.08971176147460935
0.14001808166503904
0.2496906280517578
0.07850608825683592
0.1764961242675781
0.10616264343261717

