0.1536079406738281
0.16076049804687498
0.3259845733642578
0.32479248046875
0.27138671875
0.14740905761718748
0.08899650573730467
0.1116462707519531
0.1676746368408203
0.22465667724609373
0.29260597229003904
0.27210197448730467
0.1600452423095703
0.12714347839355467
0.16719779968261717
0.22203407287597654
0.24349174499511717
0.2546974182128906
0.12070617675781248
0.15670738220214842
0.20248374938964842
0.3164478302001953
0.09972534179687498
0.13739547729492185
0.24849853515624998
0.07874450683593748
0.18698654174804685
0.10306320190429685

