0.14621696472167967
0.15384635925292967
0.4053779602050781
0.3252693176269531
0.2554126739501953
0.14883956909179685
0.09161911010742185
0.11999092102050779
0.16147575378417967
0.22513351440429685
0.2940364837646484
0.3412433624267578
0.16028366088867185
0.12022933959960935
0.16910514831542967
0.2325244903564453
0.25875053405761717
0.2496906280517578
0.12046775817871092
0.15837631225585935
0.19843063354492185
0.31167945861816404
0.09495697021484373
0.14454803466796873
0.2775856018066406
0.07993659973144529
0.1803108215332031
0.1078315734863281

