0.14454803466796873
0.1593299865722656
0.4296966552734375
0.32312355041503904
0.27281723022460935
0.15527687072753904
0.08923492431640623
0.12046775817871092
0.16743621826171873
0.22966346740722654
0.2680488586425781
0.2694793701171875
0.16099891662597654
0.12666664123535154
0.1669593811035156
0.22942504882812498
0.2394386291503906
0.2527900695800781
0.11999092102050779
0.1574226379394531
0.1993843078613281
0.30953369140625
0.11569938659667967
0.16600570678710935
0.2775856018066406
0.08565864562988279
0.17601928710937498
0.11140785217285154

