0.14693222045898435
0.1574226379394531
0.3145404815673828
0.30261955261230467
0.24420700073242185
0.15027008056640623
0.08136711120605467
0.11331520080566404
0.16672096252441404
0.22823295593261717
0.2706714630126953
0.26399574279785154
0.15766105651855467
0.1295276641845703
0.14359436035156248
0.22441825866699217
0.2890296936035156
0.2470680236816406
0.09495697021484373
0.15646896362304685
0.19676170349121092
0.2847381591796875
0.09757957458496092
0.1364418029785156
0.22775611877441404
0.10258636474609373
0.17625770568847654
0.0773139953613281

