0.14740905761718748
0.16457519531249998
0.3188320159912109
0.4971691131591797
0.26399574279785154
0.15909156799316404
0.12332878112792967
0.14764747619628904
0.19223175048828123
0.3672309875488281
0.3679462432861328
0.3340908050537109
0.21178207397460935
0.21964988708496092
0.2535053253173828
0.33003768920898435
0.4091926574707031
0.41634521484375
0.23514709472656248
0.3114410400390625
0.30595741271972654
0.4187294006347656
0.14192543029785154
0.16457519531249998
0.33075294494628904
0.13310394287109373
0.20367584228515623
0.11379203796386717

