0.14621696472167967
0.16076049804687498
0.31978569030761717
0.3259845733642578
0.24611434936523435
0.15217742919921873
0.09138069152832029
0.10735473632812498
0.17363510131835935
0.22751770019531248
0.267572021484375
0.2744861602783203
0.16290626525878904
0.12905082702636717
0.14693222045898435
0.22513351440429685
0.24063072204589842
0.24921379089355467
0.09734115600585935
0.15289268493652342
0.18889389038085935
0.31048736572265623
0.09543380737304685
0.13977966308593748
0.24992904663085935
0.07755241394042967
0.18174133300781248
0.10854682922363279

