0.14740905761718748
0.16362152099609373
0.3188320159912109
0.30142745971679685
0.252313232421875
0.15575370788574217
0.08732757568359373
0.10997734069824217
0.16815147399902342
0.19580802917480467
0.2744861602783203
0.2694793701171875
0.15456161499023435
0.1249977111816406
0.14454803466796873
0.21941146850585935
0.2909370422363281
0.24873695373535154
0.09424171447753904
0.15694580078124998
0.17482719421386717
0.2692409515380859
0.08637390136718748
0.1371570587158203
0.20343742370605467
0.07683715820312498
0.18317184448242185
0.08065185546874998

