0.15265426635742185
0.17220458984374998
0.3436275482177734
0.6025501251220704
0.31287155151367185
0.26328048706054685
0.08351287841796873
0.14907798767089842
0.18722496032714842
0.39441070556640623
0.39178810119628904
0.3336139678955078
0.21297416687011717
0.19103965759277342
0.2852149963378906
0.3531642913818359
0.3145404815673828
0.41086158752441404
0.23323974609374998
0.4978843688964844
0.2992816925048828
0.4771419525146484
0.1733966827392578
0.16099891662597654
0.33003768920898435
0.12976608276367185
0.2382465362548828
0.10997734069824217

