0.14693222045898435
0.15885314941406248
0.3202625274658203
0.30834159851074217
0.24563751220703123
0.15694580078124998
0.08661231994628904
0.12165985107421873
0.16099891662597654
0.22274932861328123
0.27424774169921873
0.27019462585449217
0.15265426635742185
0.12523612976074217
0.13882598876953123
0.26280364990234373
0.2833076477050781
0.24945220947265623
0.09614906311035154
0.15909156799316404
0.2051063537597656
0.31549415588378904
0.09734115600585935
0.1440711975097656
0.2299018859863281
0.08470497131347654
0.18650970458984373
0.10616264343261717

