0.14359436035156248
0.15527687072753904
0.32693824768066404
0.3207393646240234
0.2718635559082031
0.16362152099609373
0.08732757568359373
0.10830841064453123
0.16457519531249998
0.22727928161621092
0.27043304443359373
0.2630420684814453
0.1600452423095703
0.12285194396972654
0.13977966308593748
0.2268024444580078
0.27162513732910154
0.25183639526367185
0.09781799316406248
0.15646896362304685
0.2191730499267578
0.31430206298828123
0.09400329589843748
0.13596496582031248
0.24754486083984373
0.08851966857910154
0.18007240295410154
0.10520896911621092

