0.1459785461425781
0.16433677673339842
0.35054168701171873
0.6044574737548829
0.31287155151367185
0.2661415100097656
0.08351287841796873
0.14883956909179685
0.19270858764648435
0.389642333984375
0.4161067962646484
0.3343292236328125
0.21035156249999998
0.19604644775390623
0.2787776947021484
0.35435638427734373
0.343865966796875
0.41086158752441404
0.2356239318847656
0.5043216705322267
0.30023536682128904
0.5071826934814454
0.16552886962890623
0.16076049804687498
0.33313713073730467
0.13238868713378904
0.19604644775390623
0.11236152648925779

