0.15408477783203123
0.16099891662597654
0.31358680725097654
0.5219646453857423
0.2668567657470703
0.15527687072753904
0.08279762268066404
0.14740905761718748
0.1917549133300781
0.3131099700927734
0.3240772247314453
0.28497657775878904
0.21607360839843748
0.21488151550292967
0.22561035156249998
0.3283687591552734
0.31668624877929685
0.38797340393066404
0.2268024444580078
0.3030963897705078
0.30023536682128904
0.42039833068847654
0.1364418029785156
0.15789947509765623
0.3221698760986328
0.12332878112792967
0.19509277343749998
0.10735473632812498

