0.13739547729492185
0.15980682373046873
0.41896781921386717
0.33194503784179685
0.27353248596191404
0.14883956909179685
0.0925727844238281
0.11474571228027342
0.16409835815429685
0.22131881713867185
0.2883144378662109
0.2585121154785156
0.16338310241699217
0.13048133850097654
0.16719779968261717
0.22394142150878904
0.31287155151367185
0.24492225646972654
0.1211830139160156
0.15503845214843748
0.1974769592285156
0.3150173187255859
0.09853324890136717
0.13858757019042967
0.28497657775878904
0.07969818115234373
0.1860328674316406
0.1021095275878906

