0.15265426635742185
0.16099891662597654
0.31597099304199217
0.2973743438720703
0.2809234619140625
0.15837631225585935
0.08661231994628904
0.11426887512207029
0.16481361389160154
0.19700012207031248
0.27281723022460935
0.26328048706054685
0.1612373352050781
0.12833557128906248
0.14121017456054685
0.22155723571777342
0.28235397338867185
0.24563751220703123
0.09543380737304685
0.1581378936767578
0.17578086853027342
0.2744861602783203
0.08565864562988279
0.13381919860839842
0.20629844665527342
0.08065185546874998
0.17697296142578123
0.08017501831054685

