0.14645538330078123
0.16052207946777342
0.31930885314941404
0.3266998291015625
0.26828727722167967
0.14621696472167967
0.09018859863281248
0.11307678222656248
0.16290626525878904
0.22775611877441404
0.26637992858886717
0.2694793701171875
0.15289268493652342
0.13238868713378904
0.14454803466796873
0.22942504882812498
0.2680488586425781
0.25112113952636717
0.09948692321777342
0.16338310241699217
0.19485435485839842
0.31740150451660154
0.09877166748046873
0.13858757019042967
0.22775611877441404
0.07826766967773435
0.19008598327636717
0.10258636474609373

