0.1486011505126953
0.15718421936035154
0.40323219299316404
0.32503089904785154
0.27901611328125
0.1517005920410156
0.08828124999999998
0.11283836364746092
0.16362152099609373
0.22632560729980467
0.27090988159179685
0.26590309143066404
0.15909156799316404
0.13191184997558592
0.18841705322265623
0.22465667724609373
0.24039230346679685
0.25255165100097654
0.12332878112792967
0.1650520324707031
0.20105323791503904
0.31048736572265623
0.09662590026855467
0.17005882263183592
0.2833076477050781
0.08184394836425779
0.18245658874511717
0.10449371337890623

