0.19700012207031248
0.20081481933593748
0.40943107604980467
0.40561637878417967
0.3431507110595703
0.25135955810546873
0.14645538330078123
0.1733966827392578
0.27853927612304685
0.3379055023193359
0.6466575622558595
0.4935928344726563
0.2711483001708984
0.1440711975097656
0.22727928161621092
0.267572021484375
0.31811676025390623
0.28163871765136717
0.19080123901367185
0.34982643127441404
0.3157325744628906
0.3584095001220703
0.1981922149658203
0.23419342041015623
0.34005126953125
0.14121017456054685
0.20606002807617185
0.16147575378417967

