0.14574012756347654
0.16219100952148435
0.32121620178222654
0.3278919219970703
0.24635276794433592
0.15313110351562498
0.08661231994628904
0.14240226745605467
0.16743621826171873
0.22727928161621092
0.26900253295898435
0.2680488586425781
0.16052207946777342
0.1333423614501953
0.13858757019042967
0.2191730499267578
0.26208839416503904
0.24730644226074217
0.11689147949218748
0.15146217346191404
0.1993843078613281
0.3112026214599609
0.09090385437011717
0.13548812866210935
0.24492225646972654
0.07874450683593748
0.1803108215332031
0.10759315490722654

