0.1466938018798828
0.16982040405273435
0.41467628479003904
0.602788543701172
0.31740150451660154
0.2692409515380859
0.1574226379394531
0.14740905761718748
0.19390068054199217
0.39417228698730467
0.39870223999023435
0.33122978210449217
0.21607360839843748
0.1917549133300781
0.2814002990722656
0.35936317443847654
0.34481964111328123
0.4378028869628906
0.23157081604003904
0.5241104125976563
0.31811676025390623
0.5031295776367188
0.19914588928222654
0.16290626525878904
0.3557868957519531
0.13596496582031248
0.20343742370605467
0.11331520080566404

