0.14454803466796873
0.1536079406738281
0.3164478302001953
0.29713592529296873
0.25255165100097654
0.15789947509765623
0.08518180847167967
0.11283836364746092
0.16529045104980467
0.19843063354492185
0.2737709045410156
0.27234039306640623
0.15384635925292967
0.12213668823242185
0.14264068603515623
0.22322616577148435
0.30905685424804685
0.24682960510253904
0.0868507385253906
0.15670738220214842
0.16743621826171873
0.2642341613769531
0.0887580871582031
0.13405761718749998
0.21440467834472654
0.08017501831054685
0.17506561279296873
0.09948692321777342

