0.1486011505126953
0.16672096252441404
0.3214546203613281
0.5279251098632813
0.2935596466064453
0.20534477233886717
0.08184394836425779
0.14645538330078123
0.19413909912109373
0.36508522033691404
0.37652931213378904
0.34672698974609373
0.20415267944335935
0.21678886413574217
0.2763935089111328
0.32765350341796873
0.31215629577636717
0.4099079132080078
0.2268024444580078
0.31239471435546873
0.30476531982421873
0.4466243743896484
0.14168701171874998
0.15646896362304685
0.3271766662597656
0.1295276641845703
0.19461593627929685
0.11212310791015623

