0.1562305450439453
0.1745887756347656
0.3424354553222656
0.4599758148193359
0.26280364990234373
0.1650520324707031
0.08470497131347654
0.15885314941406248
0.1955696105957031
0.3431507110595703
0.3436275482177734
0.282830810546875
0.21035156249999998
0.22179565429687498
0.26280364990234373
0.305718994140625
0.32479248046875
0.3565021514892578
0.2070137023925781
0.2866455078125
0.28044662475585935
0.4029937744140625
0.11665306091308592
0.17053565979003904
0.3348060607910156
0.10568580627441404
0.20939788818359373
0.11403045654296873

