0.14764747619628904
0.16266784667968748
0.3266998291015625
0.32813034057617185
0.2749629974365234
0.1505084991455078
0.08542022705078123
0.11283836364746092
0.1631446838378906
0.22274932861328123
0.2649494171142578
0.26852569580078123
0.1524158477783203
0.1288124084472656
0.1447864532470703
0.22561035156249998
0.27162513732910154
0.2470680236816406
0.1192756652832031
0.1612373352050781
0.20033798217773435
0.3157325744628906
0.0887580871582031
0.13596496582031248
0.25183639526367185
0.08184394836425779
0.18317184448242185
0.10711631774902342

