0.15003166198730467
0.1581378936767578
0.31430206298828123
0.30786476135253904
0.2413459777832031
0.1486011505126953
0.08661231994628904
0.11498413085937498
0.17411193847656248
0.1974769592285156
0.2694793701171875
0.2597042083740234
0.15480003356933592
0.1276203155517578
0.14168701171874998
0.2222724914550781
0.28998336791992185
0.2496906280517578
0.09662590026855467
0.1524158477783203
0.17005882263183592
0.2661415100097656
0.09328804016113279
0.13882598876953123
0.2070137023925781
0.07612190246582029
0.17935714721679685
0.10473213195800779

