0.14764747619628904
0.16624412536621092
0.33575973510742185
0.5484291076660157
0.2902217864990234
0.2020069122314453
0.08446655273437498
0.14764747619628904
0.18889389038085935
0.3698535919189453
0.3684230804443359
0.32121620178222654
0.20939788818359373
0.22012672424316404
0.28235397338867185
0.3336139678955078
0.3145404815673828
0.4137226104736328
0.23085556030273435
0.4556842803955078
0.305718994140625
0.44781646728515623
0.1753040313720703
0.16529045104980467
0.33146820068359373
0.13095817565917967
0.2000995635986328
0.11283836364746092

