0.14526329040527342
0.15861473083496092
0.4118152618408203
0.33313713073730467
0.2730556488037109
0.1497932434082031
0.09519538879394529
0.12142143249511717
0.16862831115722654
0.22441825866699217
0.26828727722167967
0.2618499755859375
0.15909156799316404
0.1326271057128906
0.1688667297363281
0.2382465362548828
0.2623268127441406
0.25493583679199217
0.1192756652832031
0.16028366088867185
0.19843063354492185
0.3164478302001953
0.09471855163574217
0.1447864532470703
0.27090988159179685
0.08017501831054685
0.17768821716308592
0.10830841064453123

