0.14645538330078123
0.15336952209472654
0.4332729339599609
0.33504447937011717
0.2711483001708984
0.14740905761718748
0.10449371337890623
0.12070617675781248
0.16838989257812498
0.22751770019531248
0.29499015808105467
0.2687641143798828
0.15193901062011717
0.12809715270996092
0.17244300842285154
0.22060356140136717
0.24086914062499998
0.25302848815917967
0.11832199096679685
0.15480003356933592
0.1917549133300781
0.3092952728271484
0.09734115600585935
0.14001808166503904
0.2763935089111328
0.08017501831054685
0.18126449584960935
0.10902366638183592

