0.14812431335449217
0.15313110351562498
0.3150173187255859
0.3266998291015625
0.2520748138427734
0.1562305450439453
0.08589706420898435
0.10997734069824217
0.17101249694824217
0.2287097930908203
0.27353248596191404
0.2656646728515625
0.15909156799316404
0.13548812866210935
0.14168701171874998
0.21941146850585935
0.25875053405761717
0.2439685821533203
0.09996376037597654
0.15336952209472654
0.19890747070312498
0.3112026214599609
0.09471855163574217
0.13954124450683592
0.2504058837890625
0.07492980957031248
0.18197975158691404
0.07492980957031248

