0.14430961608886717
0.15408477783203123
0.4244514465332031
0.3240772247314453
0.24492225646972654
0.15074691772460935
0.08732757568359373
0.11474571228027342
0.15837631225585935
0.22823295593261717
0.2959438323974609
0.26971778869628904
0.15575370788574217
0.13000450134277342
0.1688667297363281
0.2325244903564453
0.2618499755859375
0.24754486083984373
0.11593780517578123
0.15146217346191404
0.20343742370605467
0.31430206298828123
0.09400329589843748
0.13572654724121092
0.27210197448730467
0.07969818115234373
0.17625770568847654
0.09996376037597654

