0.15098533630371092
0.15527687072753904
0.3214546203613281
0.3297992706298828
0.23300132751464842
0.15098533630371092
0.09138069152832029
0.1154609680175781
0.1669593811035156
0.2260871887207031
0.2699562072753906
0.2718635559082031
0.15789947509765623
0.13691864013671873
0.14192543029785154
0.22465667724609373
0.2630420684814453
0.2501674652099609
0.0944801330566406
0.1581378936767578
0.17816505432128904
0.31287155151367185
0.09805641174316404
0.13572654724121092
0.22823295593261717
0.08327445983886717
0.16433677673339842
0.10663948059082029

