0.14121017456054685
0.1612373352050781
0.3240772247314453
0.3283687591552734
0.25183639526367185
0.15217742919921873
0.08923492431640623
0.11498413085937498
0.17125091552734373
0.23085556030273435
0.2673336029052734
0.26709518432617185
0.15718421936035154
0.12905082702636717
0.16648254394531248
0.2241798400878906
0.25755844116210935
0.2535053253173828
0.12189826965332029
0.16076049804687498
0.21416625976562498
0.30667266845703123
0.09853324890136717
0.1402565002441406
0.2489753723144531
0.08232078552246092
0.1733966827392578
0.10687789916992185

