0.14955482482910154
0.15599212646484373
0.41133842468261717
0.3264614105224609
0.27400932312011717
0.15122375488281248
0.08470497131347654
0.11379203796386717
0.16242942810058592
0.22346458435058592
0.2699562072753906
0.2604194641113281
0.15980682373046873
0.1276203155517578
0.16719779968261717
0.22465667724609373
0.23920021057128904
0.2515979766845703
0.11879882812499998
0.1562305450439453
0.1981922149658203
0.3519721984863281
0.11951408386230467
0.16362152099609373
0.2749629974365234
0.09090385437011717
0.17888031005859373
0.1078315734863281

