0.12595138549804685
0.17744979858398435
0.1848407745361328
0.3226467132568359
0.26661834716796873
0.18770179748535154
0.1276203155517578
0.13024291992187498
0.1352497100830078
0.19151649475097654
0.2248950958251953
0.2909370422363281
0.3016658782958984
0.1333423614501953
0.14121017456054685
0.24229965209960935
0.33909759521484373
0.3729530334472656
500.76062164306643
0.1257129669189453
0.2020069122314453
0.34672698974609373
0.10044059753417967
0.17435035705566404
0.32240829467773435
0.11832199096679685
0.2051063537597656
0.1574226379394531

