0.11498413085937498
0.14311752319335935
0.16672096252441404
0.1955696105957031
0.15503845214843748
0.12142143249511717
0.08565864562988279
0.15408477783203123
0.12142143249511717
0.15289268493652342
0.16076049804687498
0.19890747070312498
0.12523612976074217
0.10187110900878904
0.14264068603515623
0.15456161499023435
0.17506561279296873
0.19890747070312498
0.09853324890136717
0.14073333740234373
0.12595138549804685
0.14574012756347654
0.11212310791015623
0.15003166198730467
0.15789947509765623
0.0982948303222656
0.13954124450683592
0.09281120300292967

