0.10139427185058592
0.17506561279296873
0.2642341613769531
0.28354606628417967
0.2031990051269531
0.16529045104980467
0.11569938659667967
0.16242942810058592
0.15670738220214842
0.24063072204589842
0.25302848815917967
0.22942504882812498
0.1791187286376953
0.15146217346191404
0.14240226745605467
0.2337165832519531
0.3336139678955078
0.29332122802734373
0.16147575378417967
0.15146217346191404
0.2859302520751953
0.3150173187255859
0.12285194396972654
0.17792663574218748
0.275201416015625
0.11331520080566404
0.20462951660156248
0.1536079406738281

