0.1307197570800781
0.20915946960449217
0.31811676025390623
0.32884559631347654
0.2999969482421875
0.1943775177001953
0.1574226379394531
0.18531761169433592
0.18746337890624998
0.2844997406005859
0.32169303894042967
0.28879127502441404
0.21035156249999998
0.11474571228027342
0.15694580078124998
0.32741508483886717
0.3321834564208984
0.2806850433349609
0.15527687072753904
0.27591667175292967
0.33313713073730467
0.3588863372802734
0.1390644073486328
0.18507919311523435
0.29880485534667967
0.10282478332519529
0.26089630126953123
0.14311752319335935

