0.10163269042968748
0.19199333190917967
0.2909370422363281
0.30214271545410154
0.2260871887207031
0.16338310241699217
0.1314350128173828
0.19342384338378904
0.1657672882080078
0.28306922912597654
0.26900253295898435
0.25636634826660154
0.20939788818359373
0.1581378936767578
0.1619525909423828
0.30714950561523435
0.35101852416992185
0.3169246673583984
0.1631446838378906
0.16862831115722654
0.36436996459960935
0.3569789886474609
0.10616264343261717
0.20081481933593748
0.2935596466064453
0.11093101501464842
0.2241798400878906
0.17482719421386717

