0.10258636474609373
0.19866905212402342
0.29332122802734373
0.3038116455078125
0.23014030456542967
0.1650520324707031
0.12809715270996092
0.1841255187988281
0.16290626525878904
0.2916522979736328
0.2768703460693359
0.2616115570068359
0.20939788818359373
0.14836273193359373
0.1784034729003906
0.30261955261230467
0.35602531433105467
0.3114410400390625
0.1555152893066406
0.1955696105957031
0.33075294494628904
0.36007843017578123
0.11951408386230467
0.1955696105957031
0.29570541381835935
0.11760673522949217
0.22441825866699217
0.17387351989746092

