0.10926208496093748
0.1772113800048828
0.2923675537109375
0.28235397338867185
0.20176849365234373
0.17196617126464842
0.1326271057128906
0.17554244995117185
0.1650520324707031
0.24468383789062498
0.27234039306640623
0.25898895263671873
0.1860328674316406
0.1536079406738281
0.16862831115722654
0.2554126739501953
0.3264614105224609
0.3119178771972656
0.15956840515136717
0.16481361389160154
0.33647499084472654
0.3398128509521484
0.11021575927734373
0.1695819854736328
0.2923675537109375
0.1154609680175781
0.22847137451171873
0.17673454284667967

