0.12857398986816404
0.19485435485839842
0.3190704345703125
0.3259845733642578
0.27996978759765623
0.18817863464355467
0.15718421936035154
0.18770179748535154
0.1848407745361328
0.28879127502441404
0.29689750671386717
0.2768703460693359
0.20153007507324217
0.11045417785644529
0.16481361389160154
0.3221698760986328
0.3545948028564453
0.2814002990722656
0.15956840515136717
0.21130523681640623
0.32431564331054685
0.3634162902832031
0.14001808166503904
0.19652328491210935
0.2940364837646484
0.1440711975097656
0.2539821624755859
0.16982040405273435

