0.12666664123535154
0.19604644775390623
0.31668624877929685
0.3297992706298828
0.2699562072753906
0.18841705322265623
0.15336952209472654
0.18650970458984373
0.19294700622558592
0.28688392639160154
0.3252693176269531
0.28378448486328123
0.20248374938964842
0.1154609680175781
0.16457519531249998
0.33194503784179685
0.3297992706298828
0.28116188049316404
0.13954124450683592
0.21774253845214842
0.33313713073730467
0.37891349792480467
0.14526329040527342
0.1860328674316406
0.2916522979736328
0.10115585327148435
0.25708160400390623
0.14430961608886717

