0.12857398986816404
0.19390068054199217
0.2871223449707031
0.3038116455078125
0.2458759307861328
0.18627128601074217
0.15384635925292967
0.18531761169433592
0.18722496032714842
0.290460205078125
0.2966590881347656
0.27901611328125
0.1791187286376953
0.11283836364746092
0.16910514831542967
0.3264614105224609
0.34911117553710935
0.2909370422363281
0.15980682373046873
0.18650970458984373
0.32765350341796873
0.35936317443847654
0.11784515380859373
0.1867481231689453
0.2890296936035156
0.11045417785644529
0.24921379089355467
0.16672096252441404

