0.13048133850097654
0.19604644775390623
0.3145404815673828
0.32956085205078123
0.2749629974365234
0.18531761169433592
0.15193901062011717
0.1898475646972656
0.19103965759277342
0.2878376007080078
0.30095062255859373
0.2763935089111328
0.2108283996582031
0.10830841064453123
0.1619525909423828
0.32765350341796873
0.35221061706542967
0.28426132202148435
0.15718421936035154
0.21488151550292967
0.3336139678955078
0.36556205749511717
0.14168701171874998
0.1924701690673828
0.29189071655273435
0.10616264343261717
0.26137313842773435
0.14574012756347654

