0.1295276641845703
0.20153007507324217
0.3221698760986328
0.3245540618896484
0.27615509033203123
0.18341026306152342
0.15408477783203123
0.19318542480468748
0.18555603027343748
0.2825923919677734
0.29952011108398435
0.2771087646484375
0.20343742370605467
0.1135536193847656
0.16028366088867185
0.32956085205078123
0.3495880126953125
0.2866455078125
0.15265426635742185
0.21297416687011717
0.32503089904785154
0.3572174072265625
0.1440711975097656
0.18937072753906248
0.2935596466064453
0.1257129669189453
0.2489753723144531
0.14335594177246092

