0.09948692321777342
0.19676170349121092
0.2916522979736328
0.30333480834960935
0.2501674652099609
0.18627128601074217
0.12976608276367185
0.18770179748535154
0.19080123901367185
0.28545341491699217
0.2921291351318359
0.28426132202148435
0.20224533081054685
0.11426887512207029
0.16242942810058592
0.32884559631347654
0.35173377990722654
0.2852149963378906
0.15599212646484373
0.1822181701660156
0.32550773620605467
0.36246261596679685
0.11784515380859373
0.19580802917480467
0.3004737854003906
0.1097389221191406
0.25064430236816404
0.16266784667968748

