0.12738189697265623
0.22322616577148435
0.3226467132568359
0.33528289794921873
0.30071220397949217
0.18269500732421873
0.15909156799316404
0.18531761169433592
0.1860328674316406
0.28545341491699217
0.3188320159912109
0.27782402038574217
0.20749053955078123
0.11021575927734373
0.16242942810058592
0.32550773620605467
0.32503089904785154
0.2768703460693359
0.15646896362304685
0.27996978759765623
0.3283687591552734
0.36627731323242185
0.13763389587402342
0.19223175048828123
0.29189071655273435
0.11021575927734373
0.2527900695800781
0.14621696472167967

