0.09948692321777342
0.1733966827392578
0.2935596466064453
0.27901611328125
0.2268024444580078
0.16433677673339842
0.15670738220214842
0.16791305541992185
0.16529045104980467
0.2604194641113281
0.2756782531738281
0.25755844116210935
0.18197975158691404
0.15956840515136717
0.1688667297363281
0.2852149963378906
0.33194503784179685
0.3171630859375
0.15909156799316404
0.16409835815429685
0.33194503784179685
0.44447860717773435
0.11379203796386717
0.16648254394531248
0.2935596466064453
0.10806999206542967
0.22632560729980467
0.1650520324707031

