0.12618980407714842
0.1993843078613281
0.32121620178222654
0.33194503784179685
0.2775856018066406
0.1917549133300781
0.15646896362304685
0.1886554718017578
0.18746337890624998
0.2864070892333984
0.3038116455078125
0.28759918212890623
0.20629844665527342
0.1116462707519531
0.16290626525878904
0.3321834564208984
0.3474422454833984
0.28426132202148435
0.1536079406738281
0.21225891113281248
0.3328987121582031
0.3641315460205078
0.11856040954589842
0.18841705322265623
0.29570541381835935
0.11188468933105467
0.2535053253173828
0.1428791046142578

