0.12714347839355467
0.19890747070312498
0.29427490234375
0.3088184356689453
0.2749629974365234
0.1879402160644531
0.1505084991455078
0.18245658874511717
0.1860328674316406
0.28736076354980467
0.298089599609375
0.28354606628417967
0.20343742370605467
0.11760673522949217
0.16219100952148435
0.3278919219970703
0.3462501525878906
0.28616867065429685
0.16290626525878904
0.19008598327636717
0.3278919219970703
0.3565021514892578
0.12237510681152342
0.19676170349121092
0.29499015808105467
0.13358078002929685
0.2477832794189453
0.17291984558105467

