0.09924850463867185
0.1955696105957031
0.28998336791992185
0.30476531982421873
0.2287097930908203
0.15956840515136717
0.12595138549804685
0.1917549133300781
0.16147575378417967
0.29427490234375
0.2802082061767578
0.26256523132324217
0.18960914611816404
0.1562305450439453
0.16910514831542967
0.30524215698242185
0.35221061706542967
0.31597099304199217
0.15861473083496092
0.16719779968261717
0.3309913635253906
0.35745582580566404
0.12213668823242185
0.18579444885253904
0.29117546081542967
0.11212310791015623
0.22274932861328123
0.16934356689453123

