0.10568580627441404
0.1955696105957031
0.29570541381835935
0.2999969482421875
0.2635189056396484
0.18937072753906248
0.13739547729492185
0.18698654174804685
0.16147575378417967
0.29260597229003904
0.2737709045410156
0.25708160400390623
0.20606002807617185
0.14836273193359373
0.16982040405273435
0.3054805755615234
0.35435638427734373
0.31287155151367185
0.1676746368408203
0.19294700622558592
0.33266029357910154
0.36961517333984373
0.12022933959960935
0.18913230895996092
0.29570541381835935
0.1135536193847656
0.22537193298339842
0.17363510131835935

