0.13191184997558592
0.19914588928222654
0.32169303894042967
0.33266029357910154
0.27663192749023435
0.1848407745361328
0.14764747619628904
0.19318542480468748
0.18650970458984373
0.2844997406005859
0.29260597229003904
0.2732940673828125
0.20462951660156248
0.11498413085937498
0.15718421936035154
0.33337554931640623
0.32360038757324217
0.28736076354980467
0.18269500732421873
0.21702728271484373
0.3252693176269531
0.35364112854003904
0.14717063903808592
0.19676170349121092
0.29069862365722654
0.1040168762207031
0.26065788269042967
0.1421638488769531

