0.12452087402343748
0.2000995635986328
0.2947517395019531
0.30214271545410154
0.2477832794189453
0.1848407745361328
0.14931640624999998
0.18889389038085935
0.1841255187988281
0.28378448486328123
0.29117546081542967
0.27591667175292967
0.2165504455566406
0.12857398986816404
0.16242942810058592
0.3302761077880859
0.3519721984863281
0.2814002990722656
0.15718421936035154
0.19413909912109373
0.3672309875488281
0.3588863372802734
0.12332878112792967
0.1936622619628906
0.2921291351318359
0.10640106201171873
0.2470680236816406
0.1688667297363281

