0.12285194396972654
0.1924701690673828
0.29570541381835935
0.29952011108398435
0.25112113952636717
0.19390068054199217
0.15503845214843748
0.19318542480468748
0.18579444885253904
0.28998336791992185
0.30071220397949217
0.2859302520751953
0.20915946960449217
0.11093101501464842
0.16099891662597654
0.32550773620605467
0.35531005859375
0.2923675537109375
0.15766105651855467
0.18698654174804685
0.3417201995849609
0.35793266296386717
0.11999092102050779
0.1886554718017578
0.2935596466064453
0.10163269042968748
0.24921379089355467
0.1695819854736328

