0.13024291992187498
0.20534477233886717
0.32360038757324217
0.32813034057617185
0.3038116455078125
0.2096363067626953
0.15718421936035154
0.18531761169433592
0.1898475646972656
0.29332122802734373
0.32312355041503904
0.28497657775878904
0.20868263244628904
0.11379203796386717
0.15861473083496092
0.33003768920898435
0.32574615478515623
0.2866455078125
0.15909156799316404
0.2546974182128906
0.328607177734375
0.3610321044921875
0.1390644073486328
0.1905628204345703
0.2921291351318359
0.10091743469238279
0.2604194641113281
0.1466938018798828

