0.12618980407714842
0.19390068054199217
0.29451332092285154
0.2997585296630859
0.24635276794433592
0.19103965759277342
0.15003166198730467
0.1822181701660156
0.18913230895996092
0.2890296936035156
0.2992816925048828
0.27973136901855467
0.2058216094970703
0.11307678222656248
0.16028366088867185
0.33456764221191404
0.3450580596923828
0.2806850433349609
0.15861473083496092
0.2630420684814453
0.33075294494628904
0.35936317443847654
0.11498413085937498
0.19223175048828123
0.2902217864990234
0.10282478332519529
0.24539909362792967
0.1650520324707031

