0.12857398986816404
0.2241798400878906
0.32002410888671873
0.3264614105224609
0.30095062255859373
0.18245658874511717
0.1581378936767578
0.1879402160644531
0.19127807617187498
0.28616867065429685
0.3188320159912109
0.2840229034423828
0.2077289581298828
0.11379203796386717
0.16242942810058592
0.3259845733642578
0.32884559631347654
0.28235397338867185
0.1517005920410156
0.25875053405761717
0.3245540618896484
0.35793266296386717
0.14359436035156248
0.19676170349121092
0.29189071655273435
0.11760673522949217
0.2539821624755859
0.14645538330078123

