0.13024291992187498
0.19676170349121092
0.31477890014648435
0.3283687591552734
0.27543983459472654
0.19103965759277342
0.15027008056640623
0.18364868164062498
0.18436393737792967
0.2814002990722656
0.30095062255859373
0.27806243896484373
0.20081481933593748
0.11379203796386717
0.16171417236328123
0.33075294494628904
0.34982643127441404
0.2806850433349609
0.15956840515136717
0.21202049255371092
0.32813034057617185
0.3584095001220703
0.11832199096679685
0.19223175048828123
0.2885528564453125
0.10878524780273435
0.24730644226074217
0.16934356689453123

