0.10187110900878904
0.18341026306152342
0.2864070892333984
0.2814002990722656
0.20796737670898435
0.16743621826171873
0.08375129699707029
0.12022933959960935
0.16838989257812498
0.2477832794189453
0.2496906280517578
0.24635276794433592
0.18841705322265623
0.15718421936035154
0.16648254394531248
0.23538551330566404
0.31740150451660154
0.298089599609375
0.15885314941406248
0.1459785461425781
0.30953369140625
0.343865966796875
0.12070617675781248
0.17625770568847654
0.3023811340332031
0.11021575927734373
0.20105323791503904
0.17196617126464842

