0.12380561828613279
0.2031990051269531
0.31358680725097654
0.30858001708984373
0.28044662475585935
0.19103965759277342
0.1497932434082031
0.19008598327636717
0.18698654174804685
0.3126331329345703
0.30142745971679685
0.2852149963378906
0.20558319091796873
0.11522254943847654
0.16648254394531248
0.3321834564208984
0.35435638427734373
0.28616867065429685
0.18364868164062498
0.1917549133300781
0.34005126953125
0.36198577880859373
0.1295276641845703
0.19127807617187498
0.30095062255859373
0.11331520080566404
0.2580352783203125
0.17244300842285154

