0.12356719970703123
0.1936622619628906
0.31740150451660154
0.29952011108398435
0.27734718322753904
0.18150291442871092
0.14836273193359373
0.18913230895996092
0.1841255187988281
0.2890296936035156
0.2992816925048828
0.28235397338867185
0.20677528381347654
0.10854682922363279
0.16028366088867185
0.32312355041503904
0.35531005859375
0.28879127502441404
0.16171417236328123
0.21702728271484373
0.33194503784179685
0.3603168487548828
0.11951408386230467
0.18937072753906248
0.29117546081542967
0.1078315734863281
0.2539821624755859
0.14311752319335935

