0.12595138549804685
0.1943775177001953
0.31787834167480467
0.3283687591552734
0.2732940673828125
0.1791187286376953
0.14883956909179685
0.18841705322265623
0.18698654174804685
0.2821155548095703
0.2961822509765625
0.27853927612304685
0.2077289581298828
0.11212310791015623
0.16147575378417967
0.32693824768066404
0.3355213165283203
0.28187713623046873
0.15336952209472654
0.21440467834472654
0.3259845733642578
0.3610321044921875
0.14335594177246092
0.19342384338378904
0.2928443908691406
0.10544738769531248
0.24849853515624998
0.14574012756347654

