0.12809715270996092
0.19223175048828123
0.32503089904785154
0.30333480834960935
0.2749629974365234
0.19127807617187498
0.14907798767089842
0.19080123901367185
0.18150291442871092
0.28497657775878904
0.30285797119140623
0.2775856018066406
0.20749053955078123
0.11474571228027342
0.16457519531249998
0.3317066192626953
0.3507801055908203
0.28688392639160154
0.15980682373046873
0.21106681823730467
0.32550773620605467
0.35531005859375
0.12070617675781248
0.1898475646972656
0.28759918212890623
0.10950050354003904
0.24826011657714842
0.16362152099609373

