0.12833557128906248
0.19533119201660154
0.3207393646240234
0.30261955261230467
0.27853927612304685
0.19008598327636717
0.15861473083496092
0.19199333190917967
0.18507919311523435
0.2871223449707031
0.29332122802734373
0.2794929504394531
0.20915946960449217
0.11212310791015623
0.16624412536621092
0.3290840148925781
0.3481575012207031
0.28736076354980467
0.15503845214843748
0.21559677124023435
0.33146820068359373
0.36556205749511717
0.11951408386230467
0.1955696105957031
0.29308280944824217
0.10425529479980467
0.2520748138427734
0.14454803466796873

