0.12666664123535154
0.20105323791503904
0.3152557373046875
0.33313713073730467
0.2718635559082031
0.18507919311523435
0.15265426635742185
0.18627128601074217
0.1841255187988281
0.2916522979736328
0.2916522979736328
0.2833076477050781
0.20343742370605467
0.11283836364746092
0.16529045104980467
0.3302761077880859
0.35411796569824217
0.2883144378662109
0.15575370788574217
0.21511993408203123
0.33456764221191404
0.36198577880859373
0.14192543029785154
0.19795379638671873
0.29427490234375
0.10568580627441404
0.25302848815917967
0.14526329040527342

