0.10163269042968748
0.19318542480468748
0.29713592529296873
0.29642066955566404
0.25493583679199217
0.18841705322265623
0.12976608276367185
0.18698654174804685
0.18698654174804685
0.2928443908691406
0.3016658782958984
0.25183639526367185
0.20629844665527342
0.11259994506835935
0.19127807617187498
0.33003768920898435
0.3519721984863281
0.2809234619140625
0.16028366088867185
0.19080123901367185
0.33146820068359373
0.36198577880859373
0.12094459533691404
0.1943775177001953
0.28879127502441404
0.10854682922363279
0.2501674652099609
0.16934356689453123

