0.11712989807128904
0.19127807617187498
0.3088184356689453
0.32121620178222654
0.2866455078125
0.17983398437499998
0.14073333740234373
0.17435035705566404
0.17125091552734373
0.27400932312011717
0.29117546081542967
0.27210197448730467
0.19461593627929685
0.10115585327148435
0.1486011505126953
0.3214546203613281
0.3355213165283203
0.27138671875
0.1421638488769531
0.2051063537597656
0.3214546203613281
0.35030326843261717
0.13048133850097654
0.1784034729003906
0.2802082061767578
0.10687789916992185
0.2585121154785156
0.14454803466796873

