0.11784515380859373
0.1905628204345703
0.2787776947021484
0.2947517395019531
0.24563751220703123
0.17792663574218748
0.14001808166503904
0.17554244995117185
0.17029724121093748
0.27782402038574217
0.2833076477050781
0.26781044006347654
0.1955696105957031
0.1059242248535156
0.15027008056640623
0.31930885314941404
0.3443428039550781
0.275201416015625
0.1486011505126953
0.18388710021972654
0.35745582580566404
0.3493495941162109
0.10640106201171873
0.1791187286376953
0.28354606628417967
0.09877166748046873
0.23610076904296873
0.1612373352050781

