0.12666664123535154
0.19485435485839842
0.31811676025390623
0.3100105285644531
0.2732940673828125
0.19676170349121092
0.15837631225585935
0.18937072753906248
0.18698654174804685
0.28998336791992185
0.29761276245117185
0.27782402038574217
0.20844421386718748
0.11140785217285154
0.16815147399902342
0.3328987121582031
0.35793266296386717
0.2921291351318359
0.15956840515136717
0.18722496032714842
0.3328987121582031
0.35602531433105467
0.11140785217285154
0.18698654174804685
0.29904327392578123
0.11093101501464842
0.25302848815917967
0.16648254394531248

