0.13548812866210935
0.22513351440429685
0.31620941162109373
0.32765350341796873
0.3030963897705078
0.18913230895996092
0.15384635925292967
0.1860328674316406
0.18245658874511717
0.2825923919677734
0.31597099304199217
0.2852149963378906
0.20296058654785154
0.11212310791015623
0.16052207946777342
0.3271766662597656
0.32884559631347654
0.28759918212890623
0.15789947509765623
0.27806243896484373
0.33575973510742185
0.35793266296386717
0.14311752319335935
0.19080123901367185
0.29451332092285154
0.11379203796386717
0.25898895263671873
0.14121017456054685

