0.10330162048339842
0.1974769592285156
0.2890296936035156
0.30333480834960935
0.25755844116210935
0.16409835815429685
0.12928924560546873
0.18269500732421873
0.15885314941406248
0.2859302520751953
0.2787776947021484
0.25636634826660154
0.20606002807617185
0.15408477783203123
0.1650520324707031
0.3073879241943359
0.35173377990722654
0.30977210998535154
0.15313110351562498
0.16815147399902342
0.3348060607910156
0.3648468017578125
0.11879882812499998
0.16862831115722654
0.29332122802734373
0.11522254943847654
0.22513351440429685
0.16982040405273435

