0.12475929260253904
0.19843063354492185
0.3240772247314453
0.328607177734375
0.30524215698242185
0.18889389038085935
0.15670738220214842
0.19223175048828123
0.1848407745361328
0.28879127502441404
0.32383880615234373
0.2821155548095703
0.20820579528808592
0.11307678222656248
0.16409835815429685
0.3302761077880859
0.3264614105224609
0.282830810546875
0.16242942810058592
0.2821155548095703
0.328607177734375
0.36580047607421873
0.14621696472167967
0.19342384338378904
0.29761276245117185
0.10568580627441404
0.24921379089355467
0.14430961608886717

