0.12976608276367185
0.20296058654785154
0.2978511810302734
0.30142745971679685
0.862187957763672
0.1924701690673828
0.12905082702636717
0.18770179748535154
0.19700012207031248
0.29308280944824217
0.29570541381835935
0.2921291351318359
0.20343742370605467
0.10878524780273435
0.16529045104980467
0.3259845733642578
0.34911117553710935
0.27901611328125
0.1555152893066406
0.19390068054199217
0.33313713073730467
0.36174736022949217
0.11569938659667967
0.19080123901367185
0.2992816925048828
0.1078315734863281
0.2458759307861328
0.16791305541992185

