0.10425529479980467
0.19223175048828123
0.2885528564453125
0.30285797119140623
0.24802169799804685
0.18770179748535154
0.1314350128173828
0.18317184448242185
0.18650970458984373
0.28426132202148435
0.30023536682128904
0.2623268127441406
0.20296058654785154
0.11498413085937498
0.1669593811035156
0.3359981536865234
0.3557868957519531
0.3088184356689453
0.16171417236328123
0.19103965759277342
0.3381439208984375
0.3572174072265625
0.11879882812499998
0.19533119201660154
0.29332122802734373
0.1364418029785156
0.2489753723144531
0.17220458984374998

