0.12237510681152342
0.19413909912109373
0.3233619689941406
0.30405006408691404
0.27281723022460935
0.18174133300781248
0.1486011505126953
0.1924701690673828
0.1867481231689453
0.28426132202148435
0.2947517395019531
0.28116188049316404
0.2077289581298828
0.11569938659667967
0.1638599395751953
0.33122978210449217
0.3569789886474609
0.2909370422363281
0.15766105651855467
0.18746337890624998
0.32550773620605467
0.3588863372802734
0.11689147949218748
0.19223175048828123
0.3016658782958984
0.10330162048339842
0.25255165100097654
0.17411193847656248

