0.12976608276367185
0.20057640075683592
0.32050094604492185
0.32813034057617185
0.29832801818847654
0.18722496032714842
0.15599212646484373
0.18627128601074217
0.18460235595703123
0.2921291351318359
0.32693824768066404
0.2809234619140625
0.20415267944335935
0.1078315734863281
0.16791305541992185
0.3042884826660156
0.32932243347167967
0.28235397338867185
0.1612373352050781
0.2771087646484375
0.33194503784179685
0.3627010345458984
0.13977966308593748
0.1905628204345703
0.29499015808105467
0.11069259643554685
0.25493583679199217
0.14645538330078123

