0.10425529479980467
0.19986114501953123
0.29189071655273435
0.30095062255859373
0.2432533264160156
0.18913230895996092
0.12833557128906248
0.18746337890624998
0.18650970458984373
0.2883144378662109
0.27663192749023435
0.26852569580078123
0.20367584228515623
0.1288124084472656
0.1695819854736328
0.3152557373046875
0.35173377990722654
0.3131099700927734
0.16099891662597654
0.19890747070312498
0.33385238647460935
0.35793266296386717
0.11689147949218748
0.19580802917480467
0.2902217864990234
0.11116943359374998
0.22942504882812498
0.16982040405273435

