0.10187110900878904
0.20296058654785154
0.290460205078125
0.30595741271972654
0.24659118652343748
0.1822181701660156
0.15527687072753904
0.18722496032714842
0.1886554718017578
0.2883144378662109
0.3038116455078125
0.25827369689941404
0.2058216094970703
0.12905082702636717
0.16266784667968748
0.3302761077880859
0.3519721984863281
0.28759918212890623
0.16171417236328123
0.19318542480468748
0.3340908050537109
0.3603168487548828
0.11879882812499998
0.19199333190917967
0.29904327392578123
0.13024291992187498
0.25517425537109373
0.16910514831542967

