0.1257129669189453
0.20105323791503904
0.32360038757324217
0.3381439208984375
0.28116188049316404
0.18817863464355467
0.1593299865722656
0.18531761169433592
0.19080123901367185
0.28998336791992185
0.29642066955566404
0.27901611328125
0.21011314392089842
0.1173683166503906
0.16648254394531248
0.32932243347167967
0.35173377990722654
0.28807601928710935
0.15980682373046873
0.21321258544921873
0.32884559631347654
0.3584095001220703
0.11617622375488279
0.19103965759277342
0.29499015808105467
0.10926208496093748
0.2554126739501953
0.1447864532470703

