0.10330162048339842
0.17578086853027342
0.28879127502441404
0.27853927612304685
0.22537193298339842
0.1612373352050781
0.1295276641845703
0.1714893341064453
0.15384635925292967
0.25946578979492185
0.2718635559082031
0.26137313842773435
0.18007240295410154
0.16481361389160154
0.15789947509765623
0.2802082061767578
0.3266998291015625
0.3092952728271484
0.15789947509765623
0.16362152099609373
0.3317066192626953
0.36055526733398435
0.11569938659667967
0.16624412536621092
0.28998336791992185
0.1040168762207031
0.2241798400878906
0.17363510131835935

