0.12547454833984373
0.2020069122314453
0.31930885314941404
0.32932243347167967
0.2737709045410156
0.18531761169433592
0.15575370788574217
0.19008598327636717
0.18722496032714842
0.28736076354980467
0.3004737854003906
0.27663192749023435
0.20343742370605467
0.10663948059082029
0.16672096252441404
0.33146820068359373
0.3495880126953125
0.28616867065429685
0.15670738220214842
0.2165504455566406
0.33194503784179685
0.35936317443847654
0.13739547729492185
0.19342384338378904
0.2954669952392578
0.10544738769531248
0.2515979766845703
0.14812431335449217

