0.10354003906249998
0.21035156249999998
0.29427490234375
0.30405006408691404
0.25445899963378904
0.18627128601074217
0.13215026855468748
0.1905628204345703
0.18627128601074217
0.2890296936035156
0.29451332092285154
0.28688392639160154
0.20248374938964842
0.12261352539062498
0.1593299865722656
0.33146820068359373
0.3519721984863281
0.28569183349609373
0.15217742919921873
0.1886554718017578
0.3336139678955078
0.36246261596679685
0.11784515380859373
0.19771537780761717
0.29379806518554685
0.10520896911621092
0.22274932861328123
0.17363510131835935

