0.12452087402343748
0.19962272644042967
0.31287155151367185
0.32932243347167967
0.3088184356689453
0.18913230895996092
0.14264068603515623
0.18245658874511717
0.17959556579589842
0.313348388671875
0.31811676025390623
0.2825923919677734
0.2020069122314453
0.11188468933105467
0.1688667297363281
0.32574615478515623
0.32550773620605467
0.2833076477050781
0.15766105651855467
0.2814002990722656
0.33003768920898435
0.359124755859375
0.14335594177246092
0.18913230895996092
0.29260597229003904
0.10473213195800779
0.25755844116210935
0.14049491882324217

