0.10568580627441404
0.17506561279296873
0.2656646728515625
0.2802082061767578
0.2070137023925781
0.1943775177001953
0.13596496582031248
0.1733966827392578
0.1631446838378906
0.24039230346679685
0.2515979766845703
0.2363391876220703
0.19008598327636717
0.16242942810058592
0.17053565979003904
0.23776969909667967
0.34267387390136717
0.30953369140625
0.16433677673339842
0.14621696472167967
0.313348388671875
0.3507801055908203
0.11951408386230467
0.17506561279296873
0.3076263427734375
0.10640106201171873
0.2089210510253906
0.15789947509765623

