0.1021095275878906
0.19914588928222654
0.2961822509765625
0.301904296875
0.25326690673828123
0.19008598327636717
0.1269050598144531
0.2184577941894531
0.1905628204345703
0.28616867065429685
0.30142745971679685
0.26256523132324217
0.2020069122314453
0.11617622375488279
0.16457519531249998
0.32884559631347654
0.3550716400146484
0.2809234619140625
0.16719779968261717
0.19294700622558592
0.33194503784179685
0.36007843017578123
0.11784515380859373
0.19580802917480467
0.29379806518554685
0.11069259643554685
0.22084197998046873
0.17005882263183592

