0.09853324890136717
0.19795379638671873
0.2947517395019531
0.30405006408691404
0.25493583679199217
0.18579444885253904
0.1269050598144531
0.19103965759277342
0.16290626525878904
0.28807601928710935
0.29880485534667967
0.25517425537109373
0.20606002807617185
0.13286552429199217
0.16409835815429685
0.30214271545410154
0.34863433837890623
0.28688392639160154
0.15456161499023435
0.18889389038085935
0.3271766662597656
0.36174736022949217
0.11641464233398435
0.1917549133300781
0.29117546081542967
0.11045417785644529
0.2229877471923828
0.16862831115722654

