0.13191184997558592
0.19509277343749998
0.31215629577636717
0.30142745971679685
0.27591667175292967
0.19318542480468748
0.1505084991455078
0.18460235595703123
0.1841255187988281
0.2871223449707031
0.2992816925048828
0.27901611328125
0.20558319091796873
0.10854682922363279
0.16529045104980467
0.3290840148925781
0.34911117553710935
0.2852149963378906
0.15885314941406248
0.21559677124023435
0.3302761077880859
0.3610321044921875
0.1173683166503906
0.1886554718017578
0.29713592529296873
0.11021575927734373
0.2508827209472656
0.14645538330078123

