0.12714347839355467
0.19223175048828123
0.3245540618896484
0.32956085205078123
0.27973136901855467
0.19127807617187498
0.15599212646484373
0.19318542480468748
0.19580802917480467
0.2890296936035156
0.30071220397949217
0.28497657775878904
0.21941146850585935
0.11403045654296873
0.16362152099609373
0.33575973510742185
0.34791908264160154
0.2814002990722656
0.1543231964111328
0.2222724914550781
0.3348060607910156
0.3588863372802734
0.14574012756347654
0.19413909912109373
0.2992816925048828
0.1059242248535156
0.25755844116210935
0.17125091552734373

