0.09662590026855467
0.2012916564941406
0.2871223449707031
0.29761276245117185
0.22322616577148435
0.1707740783691406
0.11188468933105467
0.19461593627929685
0.16099891662597654
0.2961822509765625
0.275201416015625
0.2566047668457031
0.20534477233886717
0.1555152893066406
0.16481361389160154
0.31287155151367185
0.3565021514892578
0.3107257843017578
0.16099891662597654
0.16600570678710935
0.3393360137939453
0.35864791870117185
0.11641464233398435
0.17196617126464842
0.29379806518554685
0.11450729370117185
0.22727928161621092
0.16600570678710935

