0.1249977111816406
0.2020069122314453
0.3317066192626953
0.3419586181640625
0.30405006408691404
0.18341026306152342
0.1619525909423828
0.18650970458984373
0.18960914611816404
0.2840229034423828
0.3634162902832031
0.2859302520751953
0.2012916564941406
0.11450729370117185
0.1631446838378906
0.3309913635253906
0.33075294494628904
0.28378448486328123
0.15289268493652342
0.25708160400390623
0.32765350341796873
0.35793266296386717
0.1466938018798828
0.19151649475097654
0.2978511810302734
0.10640106201171873
0.2558895111083984
0.1440711975097656

