0.09662590026855467
0.16791305541992185
0.28616867065429685
0.27901611328125
0.2287097930908203
0.16171417236328123
0.1230903625488281
0.16672096252441404
0.15980682373046873
0.2585121154785156
0.27281723022460935
0.25302848815917967
0.20343742370605467
0.16219100952148435
0.16099891662597654
0.2821155548095703
0.34410438537597654
0.32479248046875
0.16457519531249998
0.1631446838378906
0.33266029357910154
0.37533721923828123
0.11426887512207029
0.16648254394531248
0.2883144378662109
0.11307678222656248
0.22561035156249998
0.16982040405273435

