0.1314350128173828
0.19914588928222654
0.3195472717285156
0.328607177734375
0.30071220397949217
0.1898475646972656
0.15575370788574217
0.1860328674316406
0.18436393737792967
0.2859302520751953
0.29570541381835935
0.282830810546875
0.20653686523437498
0.11403045654296873
0.15789947509765623
0.3297992706298828
0.33504447937011717
0.2802082061767578
0.1593299865722656
0.2585121154785156
0.3266998291015625
0.3610321044921875
0.14001808166503904
0.19580802917480467
0.29642066955566404
0.11069259643554685
0.2573200225830078
0.14001808166503904

