0.10067901611328123
0.19270858764648435
0.2935596466064453
0.30476531982421873
0.2535053253173828
0.19390068054199217
0.12595138549804685
0.1974769592285156
0.19223175048828123
0.29069862365722654
0.29761276245117185
0.26637992858886717
0.2031990051269531
0.13286552429199217
0.16242942810058592
0.3259845733642578
0.3507801055908203
0.28545341491699217
0.15384635925292967
0.19008598327636717
0.33719024658203123
0.36818466186523435
0.12189826965332029
0.19390068054199217
0.2935596466064453
0.10878524780273435
0.25064430236816404
0.16719779968261717

