0.09972534179687498
0.1714893341064453
0.2897449493408203
0.27901611328125
0.22847137451171873
0.1562305450439453
0.12165985107421873
0.15646896362304685
0.16481361389160154
0.2585121154785156
0.27591667175292967
0.25445899963378904
0.17435035705566404
0.14836273193359373
0.1676746368408203
0.2935596466064453
0.3266998291015625
0.31215629577636717
0.16481361389160154
0.16433677673339842
0.32932243347167967
0.35864791870117185
0.11426887512207029
0.16743621826171873
0.28950653076171873
0.11403045654296873
0.22179565429687498
0.16433677673339842

