0.10330162048339842
0.20081481933593748
0.29117546081542967
0.30405006408691404
0.2489753723144531
0.18889389038085935
0.1288124084472656
0.18650970458984373
0.1803108215332031
0.2916522979736328
0.2985664367675781
0.2558895111083984
0.21392784118652342
0.1097389221191406
0.16290626525878904
0.3309913635253906
0.35364112854003904
0.28736076354980467
0.16028366088867185
0.19103965759277342
0.33909759521484373
0.36174736022949217
0.1135536193847656
0.18889389038085935
0.2940364837646484
0.11212310791015623
0.2546974182128906
0.16982040405273435

