0.12452087402343748
0.2000995635986328
0.29379806518554685
0.3054805755615234
0.2508827209472656
0.1829334259033203
0.12976608276367185
0.1898475646972656
0.18174133300781248
0.2921291351318359
0.2954669952392578
0.27973136901855467
0.20987472534179685
0.12905082702636717
0.15646896362304685
0.32312355041503904
0.3519721984863281
0.28926811218261717
0.16052207946777342
0.19032440185546873
0.33337554931640623
0.3545948028564453
0.12094459533691404
0.18937072753906248
0.29379806518554685
0.10330162048339842
0.252313232421875
0.1695819854736328

