0.12070617675781248
0.19461593627929685
0.3171630859375
0.30142745971679685
0.2730556488037109
0.18341026306152342
0.15027008056640623
0.18746337890624998
0.1829334259033203
0.2847381591796875
0.29904327392578123
0.27901611328125
0.21106681823730467
0.11236152648925779
0.16028366088867185
0.33122978210449217
0.3545948028564453
0.2840229034423828
0.15885314941406248
0.19151649475097654
0.3305145263671875
0.3648468017578125
0.11856040954589842
0.18889389038085935
0.29761276245117185
0.13286552429199217
0.2585121154785156
0.1733966827392578

