0.09972534179687498
0.1745887756347656
0.29117546081542967
0.2833076477050781
0.20606002807617185
0.1581378936767578
0.1581378936767578
0.16409835815429685
0.1581378936767578
0.23896179199218748
0.2725788116455078
0.2573200225830078
0.18436393737792967
0.15527687072753904
0.16815147399902342
0.28306922912597654
0.3302761077880859
0.3145404815673828
0.15480003356933592
0.16838989257812498
0.33719024658203123
0.33194503784179685
0.11712989807128904
0.16552886962890623
0.2935596466064453
0.1059242248535156
0.22704086303710935
0.16910514831542967

