0.12618980407714842
0.1981922149658203
0.31930885314941404
0.33194503784179685
0.275201416015625
0.18627128601074217
0.15408477783203123
0.19008598327636717
0.1898475646972656
0.28736076354980467
0.2973743438720703
0.2847381591796875
0.20486793518066404
0.10759315490722654
0.16457519531249998
0.3278919219970703
0.35435638427734373
0.2864070892333984
0.1638599395751953
0.21368942260742185
0.3297992706298828
0.3550716400146484
0.11212310791015623
0.19509277343749998
0.29499015808105467
0.10282478332519529
0.25636634826660154
0.1421638488769531

