0.13191184997558592
0.2012916564941406
0.31978569030761717
0.33575973510742185
0.27663192749023435
0.18817863464355467
0.15122375488281248
0.18889389038085935
0.19270858764648435
0.29069862365722654
0.305718994140625
0.28235397338867185
0.2031990051269531
0.10806999206542967
0.1612373352050781
0.332421875
0.35364112854003904
0.28807601928710935
0.16171417236328123
0.21893463134765623
0.33003768920898435
0.3622241973876953
0.12261352539062498
0.19294700622558592
0.2947517395019531
0.11045417785644529
0.2539821624755859
0.14264068603515623

