0.12642822265624998
0.19533119201660154
0.32050094604492185
0.3297992706298828
0.2763935089111328
0.17792663574218748
0.14693222045898435
0.18889389038085935
0.19103965759277342
0.2833076477050781
0.3202625274658203
0.27806243896484373
0.20153007507324217
0.11045417785644529
0.1650520324707031
0.32956085205078123
0.3228851318359375
0.2802082061767578
0.15289268493652342
0.21798095703124998
0.32956085205078123
0.3534027099609375
0.1390644073486328
0.19151649475097654
0.2928443908691406
0.10997734069824217
0.25636634826660154
0.14717063903808592

