0.1269050598144531
0.21750411987304685
0.320977783203125
0.3264614105224609
0.29880485534667967
0.20844421386718748
0.1505084991455078
0.1936622619628906
0.18531761169433592
0.28616867065429685
0.3195472717285156
0.28116188049316404
0.20558319091796873
0.11522254943847654
0.15646896362304685
0.3252693176269531
0.3240772247314453
0.28736076354980467
0.15480003356933592
0.252313232421875
0.32813034057617185
0.3569789886474609
0.14526329040527342
0.19080123901367185
0.2909370422363281
0.10711631774902342
0.25493583679199217
0.1517005920410156

