0.13119659423828123
0.22155723571777342
0.31620941162109373
0.32956085205078123
0.3050037384033203
0.20939788818359373
0.15289268493652342
0.18317184448242185
0.19008598327636717
0.28879127502441404
0.3188320159912109
0.2847381591796875
0.20153007507324217
0.11403045654296873
0.16552886962890623
0.29904327392578123
0.32622299194335935
0.28116188049316404
0.16219100952148435
0.2806850433349609
0.3283687591552734
0.3648468017578125
0.14383277893066404
0.18722496032714842
0.29117546081542967
0.10258636474609373
0.25493583679199217
0.1726814270019531

