0.10926208496093748
0.16648254394531248
0.29832801818847654
0.28163871765136717
0.20153007507324217
0.16552886962890623
0.12928924560546873
0.16624412536621092
0.16457519531249998
0.27472457885742185
0.27472457885742185
0.2558895111083984
0.18174133300781248
0.1536079406738281
0.16362152099609373
0.25827369689941404
0.32813034057617185
0.3042884826660156
0.15980682373046873
0.17625770568847654
0.3367134094238281
0.34100494384765623
0.11975250244140623
0.17673454284667967
0.31978569030761717
0.11617622375488279
0.26781044006347654
0.1733966827392578

