0.12046775817871092
0.19723854064941404
0.31668624877929685
0.32884559631347654
0.27234039306640623
0.19127807617187498
0.15599212646484373
0.1943775177001953
0.18364868164062498
0.2909370422363281
0.29713592529296873
0.2833076477050781
0.2051063537597656
0.10735473632812498
0.15599212646484373
0.35244903564453123
0.3474422454833984
0.28378448486328123
0.1581378936767578
0.2172657012939453
0.3321834564208984
0.35364112854003904
0.1409717559814453
0.19652328491210935
0.29308280944824217
0.10997734069824217
0.2539821624755859
0.14430961608886717

