0.12404403686523435
0.2248950958251953
0.31620941162109373
0.3252693176269531
0.2768703460693359
0.18722496032714842
0.15003166198730467
0.18841705322265623
0.1898475646972656
0.29141387939453123
0.30643424987792967
0.2806850433349609
0.20057640075683592
0.10806999206542967
0.16910514831542967
0.33075294494628904
0.34911117553710935
0.28426132202148435
0.16147575378417967
0.2191730499267578
0.33003768920898435
0.3627010345458984
0.13787231445312498
0.18555603027343748
0.298089599609375
0.10449371337890623
0.25064430236816404
0.14144859313964842

