0.10258636474609373
0.19700012207031248
0.29141387939453123
0.27234039306640623
0.22346458435058592
0.16099891662597654
0.12094459533691404
0.18460235595703123
0.16028366088867185
0.2866455078125
0.27353248596191404
0.25302848815917967
0.20081481933593748
0.14836273193359373
0.1581378936767578
0.3092952728271484
0.34839591979980467
0.31167945861816404
0.16815147399902342
0.16266784667968748
0.3336139678955078
0.3603168487548828
0.1257129669189453
0.16338310241699217
0.2923675537109375
0.10687789916992185
0.2222724914550781
0.16838989257812498

