0.1269050598144531
0.2031990051269531
0.3259845733642578
0.33695182800292967
0.3011890411376953
0.18460235595703123
0.1497932434082031
0.19604644775390623
0.19008598327636717
0.2940364837646484
0.3226467132568359
0.2840229034423828
0.20486793518066404
0.11617622375488279
0.16147575378417967
0.32932243347167967
0.3245540618896484
0.2852149963378906
0.15384635925292967
0.28187713623046873
0.3264614105224609
0.3569789886474609
0.1497932434082031
0.19008598327636717
0.2890296936035156
0.10425529479980467
0.25183639526367185
0.1459785461425781

