0.12666664123535154
0.19723854064941404
0.31597099304199217
0.32932243347167967
0.2768703460693359
0.18650970458984373
0.15503845214843748
0.19270858764648435
0.1810260772705078
0.29141387939453123
0.29570541381835935
0.2821155548095703
0.20725212097167967
0.09948692321777342
0.18841705322265623
0.3252693176269531
0.3469654083251953
0.27925453186035154
0.1581378936767578
0.21821937561035154
0.3278919219970703
0.35173377990722654
0.14144859313964842
0.19032440185546873
0.2961822509765625
0.10520896911621092
0.24802169799804685
0.13977966308593748

