0.12738189697265623
0.1993843078613281
0.31978569030761717
0.3278919219970703
0.28187713623046873
0.1955696105957031
0.1543231964111328
0.18197975158691404
0.18555603027343748
0.27973136901855467
0.2959438323974609
0.2783008575439453
0.20296058654785154
0.11283836364746092
0.16052207946777342
0.33337554931640623
0.34672698974609373
0.2825923919677734
0.15837631225585935
0.2153583526611328
0.33313713073730467
0.39035758972167967
0.14621696472167967
0.1974769592285156
0.2985664367675781
0.1059242248535156
0.2542205810546875
0.17101249694824217

