0.12905082702636717
0.19270858764648435
0.3183551788330078
0.30071220397949217
0.27281723022460935
0.1886554718017578
0.1486011505126953
0.1886554718017578
0.18770179748535154
0.28616867065429685
0.3016658782958984
0.2809234619140625
0.20558319091796873
0.11450729370117185
0.16433677673339842
0.33456764221191404
0.38082084655761717
0.2821155548095703
0.16648254394531248
0.21631202697753904
0.3367134094238281
0.35936317443847654
0.11569938659667967
0.19604644775390623
0.29570541381835935
0.13119659423828123
0.2542205810546875
0.16934356689453123

