0.10473213195800779
0.19700012207031248
0.28926811218261717
0.3038116455078125
0.24635276794433592
0.19294700622558592
0.1276203155517578
0.18913230895996092
0.18722496032714842
0.2847381591796875
0.29522857666015623
0.28163871765136717
0.20224533081054685
0.12475929260253904
0.16290626525878904
0.3348060607910156
0.3538795471191406
0.28354606628417967
0.15909156799316404
0.1898475646972656
0.32884559631347654
0.35864791870117185
0.11641464233398435
0.19390068054199217
0.290460205078125
0.13095817565917967
0.2394386291503906
0.16934356689453123

