0.12404403686523435
0.1981922149658203
0.32574615478515623
0.32360038757324217
0.27663192749023435
0.18174133300781248
0.1536079406738281
0.1867481231689453
0.19008598327636717
0.2878376007080078
0.2997585296630859
0.27996978759765623
0.20606002807617185
0.11045417785644529
0.16457519531249998
0.3302761077880859
0.3457733154296875
0.28926811218261717
0.1638599395751953
0.21750411987304685
0.32765350341796873
0.37080726623535154
0.14621696472167967
0.19008598327636717
0.2928443908691406
0.1078315734863281
0.24730644226074217
0.14717063903808592

