0.10282478332519529
0.19866905212402342
0.29379806518554685
0.3073879241943359
0.25183639526367185
0.19032440185546873
0.13191184997558592
0.18960914611816404
0.19032440185546873
0.2885528564453125
0.30643424987792967
0.2749629974365234
0.21440467834472654
0.11093101501464842
0.16815147399902342
0.33194503784179685
0.35554847717285154
0.27806243896484373
0.16219100952148435
0.19151649475097654
0.3328987121582031
0.3672309875488281
0.11951408386230467
0.1993843078613281
0.28235397338867185
0.13429603576660154
0.2558895111083984
0.1695819854736328

