0.10330162048339842
0.19270858764648435
0.29308280944824217
0.3023811340332031
0.24826011657714842
0.1898475646972656
0.1230903625488281
0.19318542480468748
0.18341026306152342
0.2871223449707031
0.2992816925048828
0.25875053405761717
0.20296058654785154
0.11212310791015623
0.16481361389160154
0.30905685424804685
0.35554847717285154
0.2878376007080078
0.1631446838378906
0.18531761169433592
0.34076652526855467
0.36436996459960935
0.11522254943847654
0.1898475646972656
0.2928443908691406
0.1059242248535156
0.2554126739501953
0.16815147399902342

