0.12714347839355467
0.19700012207031248
0.2959438323974609
0.298089599609375
0.2535053253173828
0.1879402160644531
0.12714347839355467
0.18555603027343748
0.18174133300781248
0.2885528564453125
0.298089599609375
0.2821155548095703
0.20248374938964842
0.10854682922363279
0.16338310241699217
0.32550773620605467
0.34529647827148435
0.28378448486328123
0.15313110351562498
0.1955696105957031
0.33838233947753904
0.35745582580566404
0.11903724670410154
0.19652328491210935
0.29880485534667967
0.1097389221191406
0.2508827209472656
0.1707740783691406

