0.09948692321777342
0.19795379638671873
0.2916522979736328
0.3035732269287109
0.25112113952636717
0.18746337890624998
0.12356719970703123
0.1898475646972656
0.18197975158691404
0.28235397338867185
0.2978511810302734
0.25493583679199217
0.20558319091796873
0.1097389221191406
0.16076049804687498
0.3278919219970703
0.3519721984863281
0.3112026214599609
0.16052207946777342
0.18650970458984373
0.32479248046875
0.3538795471191406
0.11879882812499998
0.19223175048828123
0.29451332092285154
0.10759315490722654
0.2496906280517578
0.16910514831542967

