0.13215026855468748
0.1993843078613281
0.3252693176269531
0.33194503784179685
0.2775856018066406
0.18197975158691404
0.1543231964111328
0.1867481231689453
0.18579444885253904
0.2866455078125
0.29499015808105467
0.28044662475585935
0.20272216796874998
0.11259994506835935
0.16552886962890623
0.3317066192626953
0.34911117553710935
0.28497657775878904
0.15766105651855467
0.2165504455566406
0.3290840148925781
0.3736682891845703
0.14001808166503904
0.1917549133300781
0.3035732269287109
0.11188468933105467
0.259942626953125
0.14144859313964842

