0.11069259643554685
0.1974769592285156
0.29069862365722654
0.30714950561523435
0.22966346740722654
0.16338310241699217
0.12618980407714842
0.19008598327636717
0.16219100952148435
0.290460205078125
0.275201416015625
0.2661415100097656
0.2039142608642578
0.15670738220214842
0.16672096252441404
0.30452690124511717
0.3584095001220703
0.3076263427734375
0.16242942810058592
0.19032440185546873
0.33575973510742185
0.36198577880859373
0.12189826965332029
0.1943775177001953
0.2928443908691406
0.11212310791015623
0.2299018859863281
0.1650520324707031

