0.12547454833984373
0.19795379638671873
0.3145404815673828
0.32956085205078123
0.27734718322753904
0.18460235595703123
0.15480003356933592
0.1822181701660156
0.18269500732421873
0.28426132202148435
0.3011890411376953
0.2814002990722656
0.20534477233886717
0.10520896911621092
0.1619525909423828
0.3278919219970703
0.3469654083251953
0.2883144378662109
0.15956840515136717
0.21678886413574217
0.3302761077880859
0.35435638427734373
0.14621696472167967
0.19509277343749998
0.28879127502441404
0.10354003906249998
0.25064430236816404
0.14311752319335935

