0.12833557128906248
0.22656402587890623
0.320977783203125
0.332421875
0.3023811340332031
0.18960914611816404
0.15146217346191404
0.1924701690673828
0.18341026306152342
0.2890296936035156
0.3176399230957031
0.28187713623046873
0.20606002807617185
0.11140785217285154
0.15789947509765623
0.32503089904785154
0.32360038757324217
0.28378448486328123
0.15384635925292967
0.28879127502441404
0.33504447937011717
0.35602531433105467
0.14335594177246092
0.19151649475097654
0.2902217864990234
0.10902366638183592
0.2580352783203125
0.17029724121093748

