0.09996376037597654
0.2020069122314453
0.2928443908691406
0.3016658782958984
0.24992904663085935
0.18960914611816404
0.12809715270996092
0.18913230895996092
0.18436393737792967
0.2844997406005859
0.2947517395019531
0.25135955810546873
0.20915946960449217
0.13286552429199217
0.16028366088867185
0.3081031799316406
0.3557868957519531
0.30452690124511717
0.16433677673339842
0.1867481231689453
0.3302761077880859
0.35364112854003904
0.12070617675781248
0.18627128601074217
0.28879127502441404
0.1097389221191406
0.21774253845214842
0.17101249694824217

