0.12714347839355467
0.19723854064941404
0.3228851318359375
0.3419586181640625
0.3030963897705078
0.1879402160644531
0.15003166198730467
0.19890747070312498
0.1848407745361328
0.2885528564453125
0.3259845733642578
0.3240772247314453
0.21178207397460935
0.11307678222656248
0.16481361389160154
0.33313713073730467
0.35244903564453123
0.28879127502441404
0.1631446838378906
0.2611347198486328
0.3355213165283203
0.3641315460205078
0.14192543029785154
0.18937072753906248
0.29832801818847654
0.10878524780273435
0.26328048706054685
0.14764747619628904

