0.11999092102050779
0.20367584228515623
0.31930885314941404
0.305718994140625
0.27901611328125
0.19223175048828123
0.14931640624999998
0.18341026306152342
0.18937072753906248
0.2871223449707031
0.29642066955566404
0.27901611328125
0.19986114501953123
0.11307678222656248
0.17101249694824217
0.3290840148925781
0.3488727569580078
0.27996978759765623
0.15980682373046873
0.22274932861328123
0.3412433624267578
0.36198577880859373
0.12213668823242185
0.1905628204345703
0.29379806518554685
0.11188468933105467
0.25183639526367185
0.1676746368408203

