0.12475929260253904
0.20224533081054685
0.3317066192626953
0.33194503784179685
0.26971778869628904
0.18913230895996092
0.15336952209472654
0.18913230895996092
0.1848407745361328
0.2871223449707031
0.2997585296630859
0.28688392639160154
0.20272216796874998
0.11307678222656248
0.16362152099609373
0.41968307495117185
0.3512569427490234
0.28616867065429685
0.1593299865722656
0.21988830566406248
0.3317066192626953
0.36127052307128904
0.11975250244140623
0.19795379638671873
0.2921291351318359
0.10687789916992185
0.24754486083984373
0.14764747619628904

