0.10806999206542967
0.19604644775390623
0.3195472717285156
0.3328987121582031
0.30214271545410154
0.18937072753906248
0.1536079406738281
0.18960914611816404
0.19103965759277342
0.29427490234375
0.3271766662597656
0.29189071655273435
0.2146430969238281
0.11498413085937498
0.16290626525878904
0.33385238647460935
0.4080005645751953
0.2866455078125
0.16076049804687498
0.27806243896484373
0.328607177734375
0.3576942443847656
0.1402565002441406
0.19080123901367185
0.2921291351318359
0.10306320190429685
0.2561279296875
0.14001808166503904

