0.12666664123535154
0.19676170349121092
0.32383880615234373
0.3266998291015625
0.2694793701171875
0.18770179748535154
0.15336952209472654
0.18746337890624998
0.18126449584960935
0.2864070892333984
0.328607177734375
0.2794929504394531
0.20868263244628904
0.1116462707519531
0.16147575378417967
0.3221698760986328
0.33146820068359373
0.2833076477050781
0.15503845214843748
0.2203651428222656
0.3297992706298828
0.3627010345458984
0.1459785461425781
0.1905628204345703
0.29332122802734373
0.10497055053710935
0.2573200225830078
0.14192543029785154

