0.12380561828613279
0.2248950958251953
0.3131099700927734
0.328607177734375
0.30214271545410154
0.18531761169433592
0.1562305450439453
0.19032440185546873
0.18555603027343748
0.28569183349609373
0.3233619689941406
0.27853927612304685
0.21202049255371092
0.11975250244140623
0.15980682373046873
0.33122978210449217
0.3233619689941406
0.28616867065429685
0.15408477783203123
0.2809234619140625
0.32813034057617185
0.35817108154296873
0.14621696472167967
0.1936622619628906
0.2902217864990234
0.10425529479980467
0.25493583679199217
0.1505084991455078

