0.09805641174316404
0.19223175048828123
0.29069862365722654
0.30095062255859373
0.25493583679199217
0.18579444885253904
0.12714347839355467
0.19318542480468748
0.1650520324707031
0.29117546081542967
0.2973743438720703
0.26709518432617185
0.20653686523437498
0.12738189697265623
0.16433677673339842
0.30667266845703123
0.35531005859375
0.31430206298828123
0.15718421936035154
0.19390068054199217
0.2618499755859375
0.36127052307128904
0.11403045654296873
0.21988830566406248
0.29570541381835935
0.10902366638183592
0.23228607177734373
0.1524158477783203

