0.1269050598144531
0.19580802917480467
0.3252693176269531
0.3271766662597656
0.2992816925048828
0.2108283996582031
0.1536079406738281
0.18341026306152342
0.18817863464355467
0.2923675537109375
0.3228851318359375
0.28378448486328123
0.20558319091796873
0.11522254943847654
0.17005882263183592
0.32622299194335935
0.31811676025390623
0.282830810546875
0.1517005920410156
0.29260597229003904
0.32312355041503904
0.35531005859375
0.14359436035156248
0.18889389038085935
0.2935596466064453
0.10735473632812498
0.2501674652099609
0.14001808166503904

