0.12523612976074217
0.19580802917480467
0.31930885314941404
0.30858001708984373
0.27973136901855467
0.1898475646972656
0.15265426635742185
0.18507919311523435
0.1841255187988281
0.2916522979736328
0.30285797119140623
0.2775856018066406
0.20820579528808592
0.11212310791015623
0.16409835815429685
0.33647499084472654
0.34863433837890623
0.2847381591796875
0.16147575378417967
0.21511993408203123
0.3271766662597656
0.36007843017578123
0.12022933959960935
0.19461593627929685
0.30214271545410154
0.13429603576660154
0.25445899963378904
0.16934356689453123

