0.10354003906249998
0.2012916564941406
0.28879127502441404
0.30643424987792967
0.25302848815917967
0.1879402160644531
0.1326271057128906
0.1924701690673828
0.1619525909423828
0.28426132202148435
0.2711483001708984
0.26280364990234373
0.20677528381347654
0.1345344543457031
0.1619525909423828
0.3016658782958984
0.35244903564453123
0.313348388671875
0.16242942810058592
0.18841705322265623
0.3309913635253906
0.36127052307128904
0.11951408386230467
0.19080123901367185
0.29189071655273435
0.11069259643554685
0.22155723571777342
0.1688667297363281

