0.12642822265624998
0.19771537780761717
0.2921291351318359
0.3004737854003906
0.2527900695800781
0.18627128601074217
0.15003166198730467
0.18889389038085935
0.18388710021972654
0.290460205078125
0.2940364837646484
0.27853927612304685
0.20796737670898435
0.11522254943847654
0.1612373352050781
0.32884559631347654
0.3493495941162109
0.2897449493408203
0.16147575378417967
0.1886554718017578
0.33313713073730467
0.3576942443847656
0.12261352539062498
0.19533119201660154
0.29117546081542967
0.10473213195800779
0.24730644226074217
0.17053565979003904

