0.09805641174316404
0.16672096252441404
0.2864070892333984
0.2749629974365234
0.2394386291503906
0.16242942810058592
0.12285194396972654
0.16743621826171873
0.1593299865722656
0.2661415100097656
0.2749629974365234
0.26065788269042967
0.1803108215332031
0.15527687072753904
0.16481361389160154
0.2825923919677734
0.3221698760986328
0.31048736572265623
0.1631446838378906
0.17625770568847654
0.33838233947753904
0.3576942443847656
0.11760673522949217
0.17029724121093748
0.29308280944824217
0.10735473632812498
0.22632560729980467
0.16791305541992185

