0.12976608276367185
0.19580802917480467
0.3290840148925781
0.3271766662597656
0.2694793701171875
0.1898475646972656
0.15646896362304685
0.18650970458984373
0.18388710021972654
0.28116188049316404
0.29522857666015623
0.2806850433349609
0.20462951660156248
0.1078315734863281
0.15527687072753904
0.33075294494628904
0.34458122253417967
0.28187713623046873
0.15503845214843748
0.2153583526611328
0.3348060607910156
0.36174736022949217
0.13954124450683592
0.18817863464355467
0.2959438323974609
0.10806999206542967
0.2527900695800781
0.1447864532470703

