0.14836273193359373
0.1993843078613281
0.3145404815673828
0.32956085205078123
0.2763935089111328
0.19580802917480467
0.15003166198730467
0.19103965759277342
0.1848407745361328
0.28759918212890623
0.29332122802734373
0.2771087646484375
0.20534477233886717
0.11116943359374998
0.16529045104980467
0.3259845733642578
0.3495880126953125
0.2825923919677734
0.15694580078124998
0.2356239318847656
0.33313713073730467
0.35554847717285154
0.1383491516113281
0.18770179748535154
0.2916522979736328
0.1059242248535156
0.2577968597412109
0.17053565979003904

