0.1269050598144531
0.20105323791503904
0.29642066955566404
0.3038116455078125
0.27400932312011717
0.1867481231689453
0.1600452423095703
0.19199333190917967
0.18841705322265623
0.2844997406005859
0.30214271545410154
0.28187713623046873
0.20987472534179685
0.11331520080566404
0.17673454284667967
0.32622299194335935
0.359124755859375
0.29069862365722654
0.15694580078124998
0.18960914611816404
0.33575973510742185
0.36174736022949217
0.11975250244140623
0.19080123901367185
0.29332122802734373
0.1352497100830078
0.2508827209472656
0.1657672882080078

