0.10568580627441404
0.19914588928222654
0.29451332092285154
0.30142745971679685
0.22584877014160154
0.1886554718017578
0.1276203155517578
0.19080123901367185
0.17005882263183592
0.29141387939453123
0.27090988159179685
0.25636634826660154
0.2031990051269531
0.15384635925292967
0.1726814270019531
0.2997585296630859
0.34911117553710935
0.3114410400390625
0.16481361389160154
0.19294700622558592
0.33385238647460935
0.3610321044921875
0.1192756652832031
0.19318542480468748
0.2916522979736328
0.10377845764160154
0.22894821166992185
0.17244300842285154

