0.12356719970703123
0.20367584228515623
0.3214546203613281
0.33313713073730467
0.29904327392578123
0.20987472534179685
0.15217742919921873
0.19318542480468748
0.19700012207031248
0.28879127502441404
0.3252693176269531
0.2840229034423828
0.20915946960449217
0.11045417785644529
0.15861473083496092
0.32622299194335935
0.32693824768066404
0.28426132202148435
0.15384635925292967
0.275201416015625
0.32693824768066404
0.3572174072265625
0.14550170898437498
0.19080123901367185
0.28926811218261717
0.1040168762207031
0.25898895263671873
0.1428791046142578

