0.10139427185058592
0.19700012207031248
0.2935596466064453
0.298089599609375
0.25135955810546873
0.18460235595703123
0.1230903625488281
0.18841705322265623
0.1619525909423828
0.2916522979736328
0.2978511810302734
0.25755844116210935
0.20725212097167967
0.12666664123535154
0.17482719421386717
0.30261955261230467
0.3774829864501953
0.3107257843017578
0.15837631225585935
0.19032440185546873
0.3348060607910156
0.38082084655761717
0.11975250244140623
0.19032440185546873
0.2947517395019531
0.10568580627441404
0.2260871887207031
0.16838989257812498

