0.09948692321777342
0.19723854064941404
0.2909370422363281
0.3050037384033203
0.22179565429687498
0.16457519531249998
0.12666664123535154
0.18650970458984373
0.16290626525878904
0.2847381591796875
0.27400932312011717
0.26065788269042967
0.20725212097167967
0.15336952209472654
0.16266784667968748
0.3076263427734375
0.3519721984863281
0.30476531982421873
0.1574226379394531
0.18579444885253904
0.3381439208984375
0.3588863372802734
0.12022933959960935
0.1936622619628906
0.2916522979736328
0.10854682922363279
0.22060356140136717
0.17196617126464842

