0.10497055053710935
0.19700012207031248
0.29117546081542967
0.301904296875
0.2577968597412109
0.18698654174804685
0.12809715270996092
0.18627128601074217
0.18388710021972654
0.2833076477050781
0.2940364837646484
0.28426132202148435
0.20725212097167967
0.10878524780273435
0.1631446838378906
0.32574615478515623
0.3534027099609375
0.28497657775878904
0.15646896362304685
0.1924701690673828
0.3309913635253906
0.36127052307128904
0.12046775817871092
0.19342384338378904
0.29451332092285154
0.10640106201171873
0.26018104553222654
0.17005882263183592

