0.10091743469238279
0.1707740783691406
0.2847381591796875
0.3088184356689453
0.2241798400878906
0.1600452423095703
0.12714347839355467
0.16099891662597654
0.1612373352050781
0.2413459777832031
0.2718635559082031
0.25302848815917967
0.17959556579589842
0.1505084991455078
0.16648254394531248
0.2802082061767578
0.32360038757324217
0.30285797119140623
0.15480003356933592
0.1669593811035156
0.3343292236328125
0.35244903564453123
0.11236152648925779
0.16600570678710935
0.301904296875
0.10425529479980467
0.22370300292968748
0.16338310241699217

