0.12261352539062498
0.1924701690673828
0.3145404815673828
0.332421875
0.26900253295898435
0.1905628204345703
0.15027008056640623
0.19604644775390623
0.1822181701660156
0.29642066955566404
0.301904296875
0.32693824768066404
0.21368942260742185
0.11236152648925779
0.16719779968261717
0.32956085205078123
0.3507801055908203
0.29189071655273435
0.15909156799316404
0.2241798400878906
0.3367134094238281
0.3588863372802734
0.12547454833984373
0.19103965759277342
0.29499015808105467
0.10640106201171873
0.25445899963378904
0.14383277893066404

