0.1230903625488281
0.19604644775390623
0.32240829467773435
0.29761276245117185
0.28354606628417967
0.1917549133300781
0.15217742919921873
0.1860328674316406
0.18889389038085935
0.29069862365722654
0.2978511810302734
0.2821155548095703
0.2031990051269531
0.10878524780273435
0.16457519531249998
0.33146820068359373
0.34839591979980467
0.2847381591796875
0.1562305450439453
0.2203651428222656
0.3317066192626953
0.35864791870117185
0.08613548278808592
0.1879402160644531
0.2935596466064453
0.1307197570800781
0.24849853515624998
0.1745887756347656

