0.1257129669189453
0.19509277343749998
0.332421875
0.3328987121582031
0.30524215698242185
0.18460235595703123
0.16290626525878904
0.1917549133300781
0.1848407745361328
0.2883144378662109
0.3228851318359375
0.28926811218261717
0.21035156249999998
0.11069259643554685
0.16362152099609373
0.32550773620605467
0.3226467132568359
0.2847381591796875
0.15265426635742185
0.28235397338867185
0.33385238647460935
0.35817108154296873
0.14430961608886717
0.1867481231689453
0.28807601928710935
0.10854682922363279
0.24945220947265623
0.14740905761718748

