0.1295276641845703
0.19723854064941404
0.3228851318359375
0.32574615478515623
0.2783008575439453
0.1822181701660156
0.15575370788574217
0.19080123901367185
0.1917549133300781
0.28807601928710935
0.30023536682128904
0.28736076354980467
0.20439109802246092
0.11665306091308592
0.15956840515136717
0.32956085205078123
0.34529647827148435
0.28378448486328123
0.15861473083496092
0.21607360839843748
0.33194503784179685
0.36365470886230467
0.13882598876953123
0.1993843078613281
0.2902217864990234
0.10950050354003904
0.2558895111083984
0.14693222045898435

