0.12547454833984373
0.20248374938964842
0.32240829467773435
0.34982643127441404
0.275201416015625
0.19413909912109373
0.1536079406738281
0.18770179748535154
0.18364868164062498
0.2825923919677734
0.29427490234375
0.28616867065429685
0.20272216796874998
0.11093101501464842
0.16099891662597654
0.33003768920898435
0.35483322143554685
0.2859302520751953
0.15956840515136717
0.2146430969238281
0.3317066192626953
0.36556205749511717
0.11999092102050779
0.19676170349121092
0.2978511810302734
0.1135536193847656
0.25302848815917967
0.14621696472167967

