0.12809715270996092
0.2248950958251953
0.31668624877929685
0.3939338684082031
0.2992816925048828
0.18650970458984373
0.15646896362304685
0.18460235595703123
0.18722496032714842
0.27663192749023435
0.3190704345703125
0.28354606628417967
0.20796737670898435
0.10830841064453123
0.16362152099609373
0.31406364440917967
0.32360038757324217
0.28759918212890623
0.15480003356933592
0.2737709045410156
0.3297992706298828
0.35602531433105467
0.14311752319335935
0.1943775177001953
0.29427490234375
0.10520896911621092
0.252313232421875
0.17005882263183592

