0.10139427185058592
0.20153007507324217
0.28545341491699217
0.30285797119140623
0.22942504882812498
0.16862831115722654
0.13048133850097654
0.19342384338378904
0.16457519531249998
0.28688392639160154
0.27234039306640623
0.25517425537109373
0.2058216094970703
0.15694580078124998
0.1657672882080078
0.30285797119140623
0.3572174072265625
0.3100105285644531
0.1619525909423828
0.18817863464355467
0.3348060607910156
0.359124755859375
0.11450729370117185
0.1943775177001953
0.2961822509765625
0.11403045654296873
0.22251091003417967
0.17601928710937498

