0.1269050598144531
0.1993843078613281
0.3150173187255859
0.3305145263671875
0.2763935089111328
0.19103965759277342
0.1543231964111328
0.1917549133300781
0.18531761169433592
0.28736076354980467
0.3245540618896484
0.2794929504394531
0.20081481933593748
0.10759315490722654
0.16266784667968748
0.3271766662597656
0.3233619689941406
0.29260597229003904
0.15694580078124998
0.25946578979492185
0.33385238647460935
0.35984001159667967
0.14526329040527342
0.19270858764648435
0.29832801818847654
0.10473213195800779
0.25374374389648435
0.14121017456054685

