0.10640106201171873
0.17816505432128904
0.29522857666015623
0.2909370422363281
0.20462951660156248
0.1619525909423828
0.13191184997558592
0.17125091552734373
0.16076049804687498
0.24945220947265623
0.25064430236816404
0.23514709472656248
0.19270858764648435
0.15766105651855467
0.1726814270019531
0.23514709472656248
0.3781982421875
0.298089599609375
0.1581378936767578
0.1505084991455078
0.30858001708984373
0.336236572265625
0.12356719970703123
0.1707740783691406
0.30071220397949217
0.11021575927734373
0.1993843078613281
0.1486011505126953

