0.10663948059082029
0.17625770568847654
0.2973743438720703
0.28306922912597654
0.20725212097167967
0.1619525909423828
0.12833557128906248
0.1669593811035156
0.16171417236328123
0.24420700073242185
0.27400932312011717
0.2539821624755859
0.1924701690673828
0.15384635925292967
0.1726814270019531
0.25708160400390623
0.32884559631347654
0.3169246673583984
0.16171417236328123
0.1981922149658203
0.33456764221191404
0.3379055023193359
0.11784515380859373
0.16719779968261717
0.29117546081542967
0.10044059753417967
0.23610076904296873
0.17673454284667967

