0.10091743469238279
0.19080123901367185
0.2897449493408203
0.29832801818847654
0.22751770019531248
0.18531761169433592
0.12642822265624998
0.18698654174804685
0.1593299865722656
0.2847381591796875
0.2692409515380859
0.24992904663085935
0.2375312805175781
0.15456161499023435
0.16910514831542967
0.30834159851074217
0.3534027099609375
0.3131099700927734
0.15527687072753904
0.1981922149658203
0.33146820068359373
0.36007843017578123
0.11569938659667967
0.1936622619628906
0.2966590881347656
0.11212310791015623
0.21964988708496092
0.16624412536621092

