0.12642822265624998
0.19342384338378904
0.3183551788330078
0.328607177734375
0.30858001708984373
0.18698654174804685
0.15003166198730467
0.1879402160644531
0.1924701690673828
0.2866455078125
0.29570541381835935
0.28736076354980467
0.20367584228515623
0.11593780517578123
0.16362152099609373
0.3328987121582031
0.3531642913818359
0.2864070892333984
0.15956840515136717
0.2458759307861328
0.33456764221191404
0.3634162902832031
0.14717063903808592
0.1917549133300781
0.2978511810302734
0.12928924560546873
0.25135955810546873
0.14621696472167967

