0.12785873413085935
0.19986114501953123
0.31239471435546873
0.33003768920898435
0.27663192749023435
0.18579444885253904
0.15670738220214842
0.1867481231689453
0.18817863464355467
0.2871223449707031
0.29570541381835935
0.2825923919677734
0.21011314392089842
0.09924850463867185
0.1657672882080078
0.3290840148925781
0.3500648498535156
0.2890296936035156
0.16481361389160154
0.21583518981933592
0.336236572265625
0.36627731323242185
0.12475929260253904
0.19223175048828123
0.2985664367675781
0.10806999206542967
0.2604194641113281
0.14073333740234373

