0.14359436035156248
0.19986114501953123
0.3138252258300781
0.30452690124511717
0.27925453186035154
0.21225891113281248
0.15575370788574217
0.18245658874511717
0.1848407745361328
0.2806850433349609
0.2959438323974609
0.2775856018066406
0.20176849365234373
0.11140785217285154
0.16266784667968748
0.3252693176269531
0.35101852416992185
0.28545341491699217
0.15885314941406248
0.21941146850585935
0.3305145263671875
0.42302093505859373
0.11951408386230467
0.1981922149658203
0.2902217864990234
0.11093101501464842
0.25183639526367185
0.16982040405273435

