0.13215026855468748
0.22704086303710935
0.320977783203125
0.3278919219970703
0.3035732269287109
0.1898475646972656
0.1562305450439453
0.18579444885253904
0.1860328674316406
0.28187713623046873
0.32383880615234373
0.282830810546875
0.20343742370605467
0.12618980407714842
0.1619525909423828
0.3042884826660156
0.32050094604492185
0.28426132202148435
0.15885314941406248
0.2825923919677734
0.3336139678955078
0.35674057006835935
0.1428791046142578
0.19390068054199217
0.29522857666015623
0.10616264343261717
0.25445899963378904
0.1707740783691406

