0.06658515930175779
0.12666664123535154
0.24873695373535154
0.34458122253417967
0.1753040313720703
0.16529045104980467
0.08851966857910154
0.10926208496093748
0.22322616577148435
0.30333480834960935
0.18937072753906248
0.20677528381347654
0.16791305541992185
0.08780441284179685
0.1421638488769531
0.17792663574218748
0.17506561279296873
0.20248374938964842
0.18245658874511717
0.1383491516113281
0.1733966827392578
0.2115436553955078
0.08637390136718748
0.16552886962890623
0.15909156799316404
0.10282478332519529
0.1695819854736328
0.12237510681152342

