0.06491622924804685
0.12833557128906248
0.24539909362792967
0.34338912963867185
0.1772113800048828
0.16290626525878904
0.08470497131347654
0.10759315490722654
0.1860328674316406
0.30023536682128904
0.18770179748535154
0.3004737854003906
0.19199333190917967
0.08136711120605467
0.13167343139648435
0.12523612976074217
0.17005882263183592
0.20081481933593748
0.18436393737792967
0.1428791046142578
0.17792663574218748
0.20915946960449217
0.10115585327148435
0.18245658874511717
0.1638599395751953
0.10187110900878904
0.17053565979003904
0.11522254943847654

