0.06491622924804685
0.12475929260253904
0.18078765869140623
0.24444541931152342
0.17291984558105467
0.20939788818359373
0.08518180847167967
0.10711631774902342
0.15027008056640623
0.2115436553955078
0.18531761169433592
0.4404254913330078
0.16838989257812498
0.08041343688964842
0.1352497100830078
0.13238868713378904
0.24921379089355467
0.19866905212402342
0.2527900695800781
0.21678886413574217
0.41276893615722654
0.5405612945556642
0.08017501831054685
0.2172657012939453
0.20462951660156248
0.12285194396972654
0.14645538330078123
0.12142143249511717

