0.06420097351074217
0.12618980407714842
0.24158439636230467
0.34601173400878904
0.1772113800048828
0.1676746368408203
0.08470497131347654
0.10640106201171873
0.18913230895996092
0.3004737854003906
0.19080123901367185
0.2699562072753906
0.18817863464355467
0.08065185546874998
0.14335594177246092
0.12285194396972654
0.16862831115722654
0.2020069122314453
0.19127807617187498
0.14717063903808592
0.17816505432128904
0.20844421386718748
0.10425529479980467
0.1447864532470703
0.15718421936035154
0.09710273742675779
0.16409835815429685
0.11760673522949217

