0.07111511230468748
0.12928924560546873
0.2439685821533203
0.3436275482177734
0.17411193847656248
0.1600452423095703
0.0830360412597656
0.11116943359374998
0.19103965759277342
0.3069110870361328
0.1974769592285156
0.2916522979736328
0.1726814270019531
0.08184394836425779
0.14121017456054685
0.1211830139160156
0.17411193847656248
0.20296058654785154
0.1841255187988281
0.14001808166503904
0.16815147399902342
0.21511993408203123
0.09972534179687498
0.1619525909423828
0.15599212646484373
0.09185752868652342
0.17101249694824217
0.1211830139160156

