0.07564506530761717
0.12928924560546873
0.19103965759277342
0.2535053253173828
0.1803108215332031
0.19413909912109373
0.08589706420898435
0.11140785217285154
0.15074691772460935
0.21249732971191404
0.18436393737792967
0.44257125854492185
0.16290626525878904
0.08589706420898435
0.14550170898437498
0.14645538330078123
0.24492225646972654
0.20105323791503904
0.20248374938964842
0.1924701690673828
0.38868865966796873
0.29117546081542967
0.1078315734863281
0.21368942260742185
0.20415267944335935
0.1211830139160156
0.1505084991455078
0.12332878112792967

