0.0715919494628906
0.1257129669189453
0.24158439636230467
0.3457733154296875
0.17244300842285154
0.16982040405273435
0.08732757568359373
0.11403045654296873
0.19151649475097654
0.30142745971679685
0.19080123901367185
0.2985664367675781
0.18770179748535154
0.08351287841796873
0.14001808166503904
0.12857398986816404
0.1688667297363281
0.19962272644042967
0.18817863464355467
0.1409717559814453
0.17387351989746092
0.21035156249999998
0.08327445983886717
0.16529045104980467
0.1574226379394531
0.10330162048339842
0.17506561279296873
0.1249977111816406

