0.07230720520019529
0.12666664123535154
0.18698654174804685
0.2744861602783203
0.17768821716308592
0.20820579528808592
0.08136711120605467
0.1135536193847656
0.15027008056640623
0.2318092346191406
0.18650970458984373
0.43684921264648435
0.16338310241699217
0.08542022705078123
0.13286552429199217
0.12380561828613279
0.2420612335205078
0.19866905212402342
0.25112113952636717
0.21964988708496092
0.43446502685546873
0.5403228759765626
0.0773139953613281
0.21035156249999998
0.20057640075683592
0.11784515380859373
0.13763389587402342
0.11951408386230467

