0.06730041503906248
0.13167343139648435
0.24730644226074217
0.35101852416992185
0.17959556579589842
0.1600452423095703
0.08780441284179685
0.11069259643554685
0.18817863464355467
0.30476531982421873
0.1829334259033203
0.2947517395019531
0.17506561279296873
0.07993659973144529
0.14311752319335935
0.12595138549804685
0.16982040405273435
0.19700012207031248
0.18245658874511717
0.13787231445312498
0.17029724121093748
0.2115436553955078
0.10044059753417967
0.16648254394531248
0.15789947509765623
0.09924850463867185
0.16600570678710935
0.12189826965332029

