0.06539306640624998
0.13048133850097654
0.24611434936523435
0.32121620178222654
0.1714893341064453
0.16552886962890623
0.08780441284179685
0.10806999206542967
0.1841255187988281
0.3011890411376953
0.18722496032714842
0.2711483001708984
0.19223175048828123
0.08828124999999998
0.14073333740234373
0.13095817565917967
0.17220458984374998
0.2077289581298828
0.18388710021972654
0.14740905761718748
0.1753040313720703
0.21058998107910154
0.10759315490722654
0.1478858947753906
0.15885314941406248
0.13429603576660154
0.17029724121093748
0.11951408386230467

