0.0754066467285156
0.12785873413085935
0.21225891113281248
0.2470680236816406
0.18579444885253904
0.19199333190917967
0.09304962158203123
0.11999092102050779
0.1688667297363281
0.22322616577148435
0.19413909912109373
0.32503089904785154
0.2146430969238281
0.08899650573730467
0.14883956909179685
0.1650520324707031
0.25517425537109373
0.23514709472656248
0.18007240295410154
0.1753040313720703
0.34076652526855467
0.24253807067871092
0.1078315734863281
0.2959438323974609
0.2318092346191406
0.12046775817871092
0.1524158477783203
0.13548812866210935

