0.07016143798828123
0.12642822265624998
0.26971778869628904
0.3169246673583984
0.1714893341064453
0.1581378936767578
0.08708915710449217
0.10902366638183592
0.21178207397460935
0.2999969482421875
0.19199333190917967
0.26137313842773435
0.19413909912109373
0.08232078552246092
0.13811073303222654
0.12809715270996092
0.17315826416015623
0.19461593627929685
0.21178207397460935
0.1383491516113281
0.16838989257812498
0.21583518981933592
0.09972534179687498
0.14049491882324217
0.17744979858398435
0.07755241394042967
0.15837631225585935
0.11665306091308592

