0.07016143798828123
0.13548812866210935
0.23848495483398435
0.3462501525878906
0.1733966827392578
0.16409835815429685
0.08851966857910154
0.11188468933105467
0.18531761169433592
0.3076263427734375
0.19008598327636717
0.29880485534667967
0.18913230895996092
0.08637390136718748
0.14383277893066404
0.12523612976074217
0.1688667297363281
0.19795379638671873
0.18436393737792967
0.14073333740234373
0.1714893341064453
0.2115436553955078
0.1040168762207031
0.16362152099609373
0.16242942810058592
0.0982948303222656
0.17029724121093748
0.11832199096679685

