0.07945976257324217
0.1352497100830078
0.21225891113281248
0.25445899963378904
0.1848407745361328
0.1917549133300781
0.08947334289550779
0.11665306091308592
0.1581378936767578
0.22894821166992185
0.19509277343749998
0.34863433837890623
0.15599212646484373
0.08708915710449217
0.14311752319335935
0.1562305450439453
0.2618499755859375
0.22918663024902342
0.18174133300781248
0.1688667297363281
0.3691383361816406
0.2706714630126953
0.11045417785644529
0.2947517395019531
0.23014030456542967
0.1307197570800781
0.14621696472167967
0.12070617675781248

