0.07183036804199217
0.12618980407714842
0.18531761169433592
0.2451606750488281
0.17792663574218748
0.19080123901367185
0.08279762268066404
0.12332878112792967
0.15217742919921873
0.2108283996582031
0.1879402160644531
0.4385181427001953
0.16433677673339842
0.08422813415527342
0.1383491516113281
0.15122375488281248
0.22370300292968748
0.20415267944335935
0.22203407287597654
0.21702728271484373
0.3877349853515625
0.521010971069336
0.10425529479980467
0.21631202697753904
0.21440467834472654
0.12142143249511717
0.14526329040527342
0.12404403686523435

