0.06873092651367185
0.12857398986816404
0.24158439636230467
0.34267387390136717
0.17935714721679685
0.16362152099609373
0.08470497131347654
0.11760673522949217
0.19103965759277342
0.30142745971679685
0.1867481231689453
0.29451332092285154
0.19413909912109373
0.08089027404785154
0.14454803466796873
0.1269050598144531
0.17506561279296873
0.20105323791503904
0.18579444885253904
0.14073333740234373
0.1772113800048828
0.2172657012939453
0.13238868713378904
0.14383277893066404
0.15718421936035154
0.1078315734863281
0.1726814270019531
0.11975250244140623

