0.06706199645996092
0.1314350128173828
0.24349174499511717
0.3481575012207031
0.17625770568847654
0.1600452423095703
0.08398971557617185
0.11689147949218748
0.1905628204345703
0.3076263427734375
0.1860328674316406
0.27162513732910154
0.19485435485839842
0.08232078552246092
0.1409717559814453
0.12070617675781248
0.1669593811035156
0.20296058654785154
0.18722496032714842
0.13930282592773435
0.17673454284667967
0.21178207397460935
0.11116943359374998
0.1428791046142578
0.1612373352050781
0.10950050354003904
0.1714893341064453
0.11760673522949217

