0.10425529479980467
0.12833557128906248
0.2146430969238281
0.25636634826660154
0.18126449584960935
0.19509277343749998
0.08732757568359373
0.11569938659667967
0.15289268493652342
0.2191730499267578
0.18913230895996092
0.3226467132568359
0.16481361389160154
0.08899650573730467
0.1447864532470703
0.15480003356933592
0.2649494171142578
0.22441825866699217
0.1784034729003906
0.17172775268554685
0.36389312744140623
0.26018104553222654
0.11259994506835935
0.2902217864990234
0.2279945373535156
0.1326271057128906
0.1478858947753906
0.12595138549804685

