0.05895576477050779
0.13930282592773435
0.24873695373535154
0.3469654083251953
0.1841255187988281
0.1676746368408203
0.08446655273437498
0.11760673522949217
0.1924701690673828
0.30142745971679685
0.18388710021972654
0.29308280944824217
0.16791305541992185
0.08589706420898435
0.14383277893066404
0.13000450134277342
0.17220458984374998
0.20272216796874998
0.15146217346191404
0.1440711975097656
0.17411193847656248
0.2172657012939453
0.08232078552246092
0.1650520324707031
0.15265426635742185
0.09996376037597654
0.17315826416015623
0.12332878112792967

