0.0715919494628906
0.15909156799316404
0.24110755920410154
0.35101852416992185
0.17744979858398435
0.1638599395751953
0.08518180847167967
0.12070617675781248
0.19032440185546873
0.30953369140625
0.19223175048828123
0.2921291351318359
0.17029724121093748
0.08470497131347654
0.14168701171874998
0.12618980407714842
0.17172775268554685
0.20248374938964842
0.18937072753906248
0.14168701171874998
0.17792663574218748
0.21583518981933592
0.10473213195800779
0.14717063903808592
0.16838989257812498
0.10163269042968748
0.17244300842285154
0.11903724670410154

