0.06658515930175779
0.12905082702636717
0.18054924011230467
0.24826011657714842
0.17554244995117185
0.1867481231689453
0.08255920410156248
0.10735473632812498
0.14764747619628904
0.21416625976562498
0.18770179748535154
0.3646083831787109
0.16481361389160154
0.08446655273437498
0.13811073303222654
0.1497932434082031
0.24039230346679685
0.22179565429687498
0.19485435485839842
0.1879402160644531
0.3781982421875
0.2909370422363281
0.09972534179687498
0.28378448486328123
0.22370300292968748
0.1269050598144531
0.1440711975097656
0.12165985107421873

