0.06849250793457029
0.1307197570800781
0.2413459777832031
0.3207393646240234
0.1745887756347656
0.16481361389160154
0.08589706420898435
0.11569938659667967
0.18507919311523435
0.28926811218261717
0.19127807617187498
0.2699562072753906
0.1974769592285156
0.08255920410156248
0.13882598876953123
0.12738189697265623
0.17172775268554685
0.2031990051269531
0.19199333190917967
0.1440711975097656
0.17196617126464842
0.21488151550292967
0.10663948059082029
0.14001808166503904
0.15599212646484373
0.09591064453124998
0.16672096252441404
0.11784515380859373

