0.06610832214355467
0.13048133850097654
0.23967704772949217
0.32002410888671873
0.17363510131835935
0.16219100952148435
0.0887580871582031
0.1116462707519531
0.18937072753906248
0.29832801818847654
0.1917549133300781
0.26256523132324217
0.19413909912109373
0.08255920410156248
0.14121017456054685
0.12976608276367185
0.17625770568847654
0.20367584228515623
0.2115436553955078
0.12642822265624998
0.17888031005859373
0.2115436553955078
0.11212310791015623
0.14192543029785154
0.18770179748535154
0.09662590026855467
0.17053565979003904
0.1211830139160156

