0.06300888061523435
0.1314350128173828
0.24229965209960935
0.3474422454833984
0.17411193847656248
0.16672096252441404
0.0849433898925781
0.11259994506835935
0.19294700622558592
0.30595741271972654
0.18460235595703123
0.29570541381835935
0.22322616577148435
0.0811286926269531
0.1390644073486328
0.12857398986816404
0.16743621826171873
0.20367584228515623
0.1886554718017578
0.14264068603515623
0.17125091552734373
0.2115436553955078
0.10473213195800779
0.13954124450683592
0.15694580078124998
0.09972534179687498
0.17792663574218748
0.11999092102050779

