0.06825408935546873
0.13572654724121092
0.24253807067871092
0.336236572265625
0.17625770568847654
0.1619525909423828
0.08065185546874998
0.11069259643554685
0.19103965759277342
0.3035732269287109
0.1860328674316406
0.26637992858886717
0.1943775177001953
0.08279762268066404
0.1364418029785156
0.12547454833984373
0.17554244995117185
0.19652328491210935
0.19604644775390623
0.1383491516113281
0.17172775268554685
0.21249732971191404
0.10091743469238279
0.14383277893066404
0.1536079406738281
0.09734115600585935
0.16672096252441404
0.1154609680175781

