0.0677772521972656
0.13119659423828123
0.2420612335205078
0.34219703674316404
0.17005882263183592
0.15909156799316404
0.08422813415527342
0.1135536193847656
0.19151649475097654
0.30214271545410154
0.18507919311523435
0.29880485534667967
0.1924701690673828
0.08184394836425779
0.14001808166503904
0.12976608276367185
0.16982040405273435
0.20296058654785154
0.1810260772705078
0.14502487182617185
0.17554244995117185
0.21607360839843748
0.10663948059082029
0.1440711975097656
0.16457519531249998
0.09662590026855467
0.17673454284667967
0.1154609680175781

