0.07302246093749998
0.12976608276367185
0.21821937561035154
0.24992904663085935
0.1753040313720703
0.19127807617187498
0.08422813415527342
0.11140785217285154
0.14907798767089842
0.21416625976562498
0.18722496032714842
0.336236572265625
0.16481361389160154
0.07874450683593748
0.16552886962890623
0.15384635925292967
0.24373016357421873
0.2268024444580078
0.17864189147949217
0.19413909912109373
0.3576942443847656
0.26256523132324217
0.10449371337890623
0.5589195251464845
0.22847137451171873
0.13024291992187498
0.14168701171874998
0.12094459533691404

