0.07826766967773435
0.1288124084472656
0.20939788818359373
0.24992904663085935
0.18078765869140623
0.19270858764648435
0.08995018005371092
0.11021575927734373
0.15956840515136717
0.21511993408203123
0.1898475646972656
0.32169303894042967
0.16815147399902342
0.08160552978515623
0.13954124450683592
0.16147575378417967
0.24754486083984373
0.22537193298339842
0.1753040313720703
0.16648254394531248
0.3603168487548828
0.2382465362548828
0.10640106201171873
0.23920021057128904
0.23467025756835935
0.12785873413085935
0.1447864532470703
0.12022933959960935

