0.06992301940917967
0.1326271057128906
0.24253807067871092
0.34028968811035154
0.17697296142578123
0.16457519531249998
0.08899650573730467
0.11021575927734373
0.1905628204345703
0.30643424987792967
0.1848407745361328
0.2978511810302734
0.18364868164062498
0.08089027404785154
0.13954124450683592
0.12809715270996092
0.1772113800048828
0.2051063537597656
0.18531761169433592
0.15503845214843748
0.17435035705566404
0.20796737670898435
0.10234794616699217
0.16838989257812498
0.15956840515136717
0.09924850463867185
0.17578086853027342
0.11856040954589842

