0.06634674072265623
0.12618980407714842
0.18197975158691404
0.2692409515380859
0.17744979858398435
0.20987472534179685
0.08923492431640623
0.10759315490722654
0.1555152893066406
0.24468383789062498
0.18650970458984373
0.4676052093505859
0.16457519531249998
0.08947334289550779
0.1345344543457031
0.12833557128906248
0.2432533264160156
0.2039142608642578
0.4182525634765625
0.2165504455566406
0.435418701171875
0.5472370147705079
0.09877166748046873
0.21011314392089842
0.20534477233886717
0.10234794616699217
0.14574012756347654
0.11975250244140623

