0.06157836914062498
0.1257129669189453
0.24277648925781248
0.3450580596923828
0.18388710021972654
0.1650520324707031
0.08923492431640623
0.10950050354003904
0.1943775177001953
0.3042884826660156
0.18627128601074217
0.2959438323974609
0.1898475646972656
0.0830360412597656
0.14073333740234373
0.1276203155517578
0.1753040313720703
0.2020069122314453
0.1886554718017578
0.1421638488769531
0.17697296142578123
0.21225891113281248
0.10282478332519529
0.14121017456054685
0.1524158477783203
0.09948692321777342
0.17315826416015623
0.1154609680175781

