0.06682357788085935
0.13000450134277342
0.24420700073242185
0.32479248046875
0.1764961242675781
0.16838989257812498
0.08780441284179685
0.1116462707519531
0.19103965759277342
0.305718994140625
0.18746337890624998
0.27281723022460935
0.19509277343749998
0.08613548278808592
0.1371570587158203
0.12356719970703123
0.17935714721679685
0.20558319091796873
0.18770179748535154
0.14454803466796873
0.18245658874511717
0.21249732971191404
0.10330162048339842
0.15265426635742185
0.18507919311523435
0.09424171447753904
0.17291984558105467
0.1192756652832031

