0.06634674072265623
0.13119659423828123
0.18722496032714842
0.2520748138427734
0.17363510131835935
0.21702728271484373
0.08136711120605467
0.11403045654296873
0.15265426635742185
0.20844421386718748
0.1829334259033203
0.43613395690917967
0.16529045104980467
0.08232078552246092
0.14621696472167967
0.1276203155517578
0.24682960510253904
0.1993843078613281
0.3221698760986328
0.2203651428222656
0.4347034454345703
0.5458065032958985
0.09138069152832029
0.21249732971191404
0.20749053955078123
0.12595138549804685
0.14812431335449217
0.12452087402343748

