0.06706199645996092
0.12642822265624998
0.18197975158691404
0.24420700073242185
0.2923675537109375
0.21392784118652342
0.08398971557617185
0.10902366638183592
0.15098533630371092
0.23490867614746092
0.19008598327636717
0.4404254913330078
0.16219100952148435
0.0754066467285156
0.1390644073486328
0.1269050598144531
0.24492225646972654
0.20105323791503904
0.2515979766845703
0.21249732971191404
0.4118152618408203
0.5434223175048829
0.08017501831054685
0.22012672424316404
0.20606002807617185
0.13191184997558592
0.1440711975097656
0.12022933959960935

