0.0754066467285156
0.1307197570800781
0.21321258544921873
0.24945220947265623
0.1905628204345703
0.19723854064941404
0.09233436584472654
0.11236152648925779
0.15766105651855467
0.21106681823730467
0.18722496032714842
0.33003768920898435
0.17291984558105467
0.07969818115234373
0.1409717559814453
0.15861473083496092
0.2501674652099609
0.22561035156249998
0.17673454284667967
0.16457519531249998
0.36198577880859373
0.24253807067871092
0.10497055053710935
0.2961822509765625
0.23276290893554685
0.13119659423828123
0.14764747619628904
0.12237510681152342

