0.06682357788085935
0.12666664123535154
0.24373016357421873
0.34982643127441404
0.17673454284667967
0.16529045104980467
0.09161911010742185
0.10568580627441404
0.22346458435058592
0.30095062255859373
0.18341026306152342
0.30285797119140623
0.17387351989746092
0.08923492431640623
0.14335594177246092
0.12595138549804685
0.16791305541992185
0.19723854064941404
0.18960914611816404
0.14240226745605467
0.17315826416015623
0.2146430969238281
0.10091743469238279
0.1688667297363281
0.1581378936767578
0.09996376037597654
0.17101249694824217
0.11903724670410154

