0.07492980957031248
0.12595138549804685
0.2501674652099609
0.3417201995849609
0.17888031005859373
0.1657672882080078
0.08327445983886717
0.10759315490722654
0.19676170349121092
0.3088184356689453
0.1905628204345703
0.30095062255859373
0.19413909912109373
0.08804283142089842
0.13882598876953123
0.12618980407714842
0.17029724121093748
0.2031990051269531
0.1867481231689453
0.14311752319335935
0.17220458984374998
0.21488151550292967
0.10258636474609373
0.14645538330078123
0.15694580078124998
0.10282478332519529
0.15193901062011717
0.1192756652832031

