0.07230720520019529
0.12523612976074217
0.1867481231689453
0.2749629974365234
0.18364868164062498
0.21178207397460935
0.08708915710449217
0.10926208496093748
0.15217742919921873
0.23681602478027342
0.18388710021972654
0.44447860717773435
0.16624412536621092
0.08851966857910154
0.14121017456054685
0.12785873413085935
0.24492225646972654
0.19676170349121092
0.34982643127441404
0.21941146850585935
0.4409023284912109
0.5465217590332032
0.08828124999999998
0.21583518981933592
0.2000995635986328
0.1249977111816406
0.15217742919921873
0.11760673522949217

