0.06563148498535154
0.13024291992187498
0.24659118652343748
0.3195472717285156
0.1753040313720703
0.16791305541992185
0.08971176147460935
0.10520896911621092
0.19151649475097654
0.301904296875
0.1867481231689453
0.3188320159912109
0.19080123901367185
0.08589706420898435
0.13858757019042967
0.12380561828613279
0.1745887756347656
0.19843063354492185
0.1898475646972656
0.14335594177246092
0.17697296142578123
0.21297416687011717
0.10163269042968748
0.1447864532470703
0.16171417236328123
0.10067901611328123
0.17101249694824217
0.11856040954589842

