0.07850608825683592
0.13215026855468748
0.2496906280517578
0.24802169799804685
0.17697296142578123
0.17053565979003904
0.0849433898925781
0.1173683166503906
0.15670738220214842
0.18937072753906248
0.19390068054199217
0.2973743438720703
0.17291984558105467
0.0849433898925781
0.13977966308593748
0.15694580078124998
0.2539821624755859
0.23300132751464842
0.10544738769531248
0.12189826965332029
0.3119178771972656
0.23991546630859373
0.11307678222656248
0.2737709045410156
0.2394386291503906
0.10878524780273435
0.15909156799316404
0.13095817565917967

