0.07302246093749998
0.16338310241699217
0.21678886413574217
0.2458759307861328
0.1822181701660156
0.20057640075683592
0.09519538879394529
0.14359436035156248
0.1593299865722656
0.21988830566406248
0.19461593627929685
0.32622299194335935
0.16862831115722654
0.08279762268066404
0.14454803466796873
0.1593299865722656
0.2554126739501953
0.23586235046386717
0.17983398437499998
0.17315826416015623
0.33957443237304685
0.24301490783691404
0.10878524780273435
0.28998336791992185
0.22918663024902342
0.13000450134277342
0.15193901062011717
0.13238868713378904

