0.07421455383300779
0.12738189697265623
0.18698654174804685
0.25064430236816404
0.17959556579589842
0.18698654174804685
0.0868507385253906
0.10735473632812498
0.3233619689941406
0.2070137023925781
0.1860328674316406
0.4232593536376953
0.16433677673339842
0.07969818115234373
0.13191184997558592
0.15146217346191404
0.24730644226074217
0.20486793518066404
0.19580802917480467
0.19199333190917967
0.3901191711425781
0.2928443908691406
0.10663948059082029
0.2153583526611328
0.20105323791503904
0.12595138549804685
0.14335594177246092
0.12642822265624998

