0.06920776367187498
0.12714347839355467
0.24921379089355467
0.3476806640625
0.1745887756347656
0.1688667297363281
0.09138069152832029
0.11307678222656248
0.22251091003417967
0.30667266845703123
0.28044662475585935
0.2732940673828125
0.19700012207031248
0.08780441284179685
0.14121017456054685
0.12642822265624998
0.17888031005859373
0.19986114501953123
0.18746337890624998
0.13977966308593748
0.17697296142578123
0.21631202697753904
0.10115585327148435
0.14001808166503904
0.15456161499023435
0.10187110900878904
0.16982040405273435
0.11712989807128904

