0.06634674072265623
0.13024291992187498
0.2470680236816406
0.34648857116699217
0.1745887756347656
0.1657672882080078
0.08971176147460935
0.11259994506835935
0.1905628204345703
0.3011890411376953
0.18937072753906248
0.2630420684814453
0.16290626525878904
0.08780441284179685
0.14121017456054685
0.12785873413085935
0.16672096252441404
0.19652328491210935
0.18650970458984373
0.14502487182617185
0.17959556579589842
0.21488151550292967
0.11021575927734373
0.16910514831542967
0.16147575378417967
0.09781799316406248
0.17125091552734373
0.11617622375488279

