0.10497055053710935
0.1314350128173828
0.24277648925781248
0.3481575012207031
0.17983398437499998
0.16219100952148435
0.08518180847167967
0.11593780517578123
0.18889389038085935
0.30595741271972654
0.18460235595703123
0.29713592529296873
0.19604644775390623
0.08375129699707029
0.13763389587402342
0.12261352539062498
0.17101249694824217
0.20248374938964842
0.19032440185546873
0.14550170898437498
0.17053565979003904
0.21416625976562498
0.10497055053710935
0.14621696472167967
0.15956840515136717
0.09996376037597654
0.17053565979003904
0.11522254943847654

