0.07636032104492185
0.1295276641845703
0.24229965209960935
0.34458122253417967
0.1745887756347656
0.16362152099609373
0.0849433898925781
0.10926208496093748
0.18650970458984373
0.3004737854003906
0.18889389038085935
0.2961822509765625
0.16624412536621092
0.08208236694335935
0.14240226745605467
0.12618980407714842
0.1733966827392578
0.20248374938964842
0.15694580078124998
0.14168701171874998
0.16529045104980467
0.2146430969238281
0.07850608825683592
0.1612373352050781
0.15766105651855467
0.0944801330566406
0.1714893341064453
0.12237510681152342

