0.06682357788085935
0.13429603576660154
0.24253807067871092
0.3488727569580078
0.1753040313720703
0.16529045104980467
0.08470497131347654
0.11569938659667967
0.1936622619628906
0.30667266845703123
0.18460235595703123
0.2966590881347656
0.16242942810058592
0.08470497131347654
0.13739547729492185
0.12595138549804685
0.16815147399902342
0.20343742370605467
0.19485435485839842
0.14121017456054685
0.17315826416015623
0.21368942260742185
0.10258636474609373
0.16242942810058592
0.15909156799316404
0.09853324890136717
0.1726814270019531
0.11569938659667967

