0.06825408935546873
0.13429603576660154
0.2515979766845703
0.3374286651611328
0.17435035705566404
0.16076049804687498
0.09090385437011717
0.10759315490722654
0.19151649475097654
0.30095062255859373
0.19008598327636717
0.3004737854003906
0.18269500732421873
0.0792213439941406
0.14430961608886717
0.12356719970703123
0.16862831115722654
0.20224533081054685
0.1879402160644531
0.14645538330078123
0.17554244995117185
0.2134510040283203
0.1078315734863281
0.16481361389160154
0.16147575378417967
0.10115585327148435
0.17363510131835935
0.12332878112792967

