0.0715919494628906
0.13024291992187498
0.2489753723144531
0.3462501525878906
0.17625770568847654
0.15885314941406248
0.0887580871582031
0.11140785217285154
0.18650970458984373
0.3038116455078125
0.19151649475097654
0.2692409515380859
0.19390068054199217
0.07969818115234373
0.1440711975097656
0.12905082702636717
0.1810260772705078
0.20486793518066404
0.1924701690673828
0.14168701171874998
0.17196617126464842
0.2134510040283203
0.10187110900878904
0.14812431335449217
0.15408477783203123
0.10234794616699217
0.16934356689453123
0.11665306091308592

