0.06682357788085935
0.12595138549804685
0.24826011657714842
0.3469654083251953
0.17888031005859373
0.16099891662597654
0.08756599426269529
0.10520896911621092
0.1943775177001953
0.3038116455078125
0.18722496032714842
0.3042884826660156
0.19199333190917967
0.0868507385253906
0.14240226745605467
0.12213668823242185
0.17363510131835935
0.19700012207031248
0.1772113800048828
0.14740905761718748
0.17578086853027342
0.21178207397460935
0.10234794616699217
0.16481361389160154
0.16099891662597654
0.09543380737304685
0.16910514831542967
0.11379203796386717

