0.07063827514648435
0.13286552429199217
0.1829334259033203
0.25374374389648435
0.17697296142578123
0.18841705322265623
0.08923492431640623
0.10926208496093748
0.15408477783203123
0.24754486083984373
0.18269500732421873
0.41348419189453123
0.1631446838378906
0.07802925109863279
0.14121017456054685
0.15789947509765623
0.24826011657714842
0.19771537780761717
0.20057640075683592
0.1936622619628906
0.38606605529785154
0.2897449493408203
0.1059242248535156
0.21607360839843748
0.20558319091796873
0.12213668823242185
0.14430961608886717
0.17411193847656248

