0.06753883361816404
0.13429603576660154
0.24659118652343748
0.3417201995849609
0.17601928710937498
0.1619525909423828
0.08661231994628904
0.10520896911621092
0.19008598327636717
0.3004737854003906
0.18937072753906248
0.27210197448730467
0.19962272644042967
0.08375129699707029
0.14240226745605467
0.12642822265624998
0.17482719421386717
0.19795379638671873
0.1829334259033203
0.14502487182617185
0.17196617126464842
0.2077289581298828
0.1002021789550781
0.1428791046142578
0.1619525909423828
0.09471855163574217
0.1695819854736328
0.1154609680175781

