0.06658515930175779
0.13310394287109373
0.1841255187988281
0.25374374389648435
0.2306171417236328
0.21178207397460935
0.08613548278808592
0.10997734069824217
0.15265426635742185
0.23467025756835935
0.19080123901367185
0.4697509765625
0.16433677673339842
0.08589706420898435
0.13572654724121092
0.12928924560546873
0.24349174499511717
0.2000995635986328
0.4149147033691406
0.21798095703124998
0.4373260498046875
0.5391307830810548
0.1135536193847656
0.19509277343749998
0.20796737670898435
0.13596496582031248
0.1409717559814453
0.12452087402343748

