0.0773139953613281
0.14121017456054685
0.2153583526611328
0.24945220947265623
0.18174133300781248
0.19795379638671873
0.09400329589843748
0.13954124450683592
0.15313110351562498
0.20844421386718748
0.18317184448242185
0.3297992706298828
0.17435035705566404
0.08732757568359373
0.14121017456054685
0.15980682373046873
0.25636634826660154
0.2375312805175781
0.18579444885253904
0.17315826416015623
0.36580047607421873
0.24444541931152342
0.11307678222656248
0.2871223449707031
0.22918663024902342
0.12785873413085935
0.15074691772460935
0.12404403686523435

