0.07254562377929685
0.13000450134277342
0.24253807067871092
0.3443428039550781
0.17172775268554685
0.1707740783691406
0.08804283142089842
0.11474571228027342
0.1917549133300781
0.30595741271972654
0.19103965759277342
0.2961822509765625
0.18841705322265623
0.08828124999999998
0.14335594177246092
0.12714347839355467
0.17578086853027342
0.20343742370605467
0.1905628204345703
0.1402565002441406
0.1745887756347656
0.2153583526611328
0.10902366638183592
0.1669593811035156
0.16529045104980467
0.10258636474609373
0.17053565979003904
0.11474571228027342

