0.06634674072265623
0.12618980407714842
0.24373016357421873
0.3233619689941406
0.1784034729003906
0.16171417236328123
0.08971176147460935
0.11712989807128904
0.1905628204345703
0.3016658782958984
0.18913230895996092
0.26709518432617185
0.19461593627929685
0.08160552978515623
0.1428791046142578
0.12332878112792967
0.18960914611816404
0.20272216796874998
0.18746337890624998
0.13930282592773435
0.17554244995117185
0.21178207397460935
0.10735473632812498
0.14240226745605467
0.1619525909423828
0.09781799316406248
0.17506561279296873
0.11712989807128904

