0.07230720520019529
0.1314350128173828
0.18770179748535154
0.25183639526367185
0.17601928710937498
0.21678886413574217
0.08804283142089842
0.10711631774902342
0.1562305450439453
0.21511993408203123
0.1905628204345703
0.4339881896972656
0.1867481231689453
0.08136711120605467
0.1402565002441406
0.14574012756347654
0.24659118652343748
0.2051063537597656
0.2229877471923828
0.22251091003417967
0.4122920989990234
0.5407997131347657
0.10354003906249998
0.21893463134765623
0.20653686523437498
0.12165985107421873
0.15146217346191404
0.12547454833984373

