0.06825408935546873
0.13596496582031248
0.24444541931152342
0.3450580596923828
0.20653686523437498
0.16672096252441404
0.08089027404785154
0.1059242248535156
0.1860328674316406
0.2985664367675781
0.18650970458984373
0.2725788116455078
0.19390068054199217
0.08041343688964842
0.14550170898437498
0.1288124084472656
0.17101249694824217
0.19962272644042967
0.18341026306152342
0.1421638488769531
0.17554244995117185
0.21488151550292967
0.10735473632812498
0.13977966308593748
0.16052207946777342
0.09281120300292967
0.16934356689453123
0.11689147949218748

