0.08065185546874998
0.1295276641845703
0.19008598327636717
0.24754486083984373
0.17816505432128904
0.19223175048828123
0.08971176147460935
0.11021575927734373
0.1555152893066406
0.21106681823730467
0.18722496032714842
0.4447170257568359
0.1733966827392578
0.08351287841796873
0.13596496582031248
0.14931640624999998
0.24492225646972654
0.19986114501953123
0.22632560729980467
0.21440467834472654
0.4122920989990234
0.5405612945556642
0.08923492431640623
0.2191730499267578
0.20534477233886717
0.12547454833984373
0.1428791046142578
0.12070617675781248

