0.07421455383300779
0.12666664123535154
0.18507919311523435
0.2680488586425781
0.17578086853027342
0.21559677124023435
0.0849433898925781
0.10950050354003904
0.14740905761718748
0.24086914062499998
0.18150291442871092
0.4339881896972656
0.15956840515136717
0.13167343139648435
0.1421638488769531
0.12833557128906248
0.24229965209960935
0.19533119201660154
0.3927417755126953
0.21702728271484373
0.4358955383300781
0.541753387451172
0.0773139953613281
0.2096363067626953
0.2012916564941406
0.12094459533691404
0.1669593811035156
0.11784515380859373

