0.06610832214355467
0.12547454833984373
0.18341026306152342
0.26661834716796873
0.17768821716308592
0.20987472534179685
0.08232078552246092
0.11069259643554685
0.14931640624999998
0.2096363067626953
0.18746337890624998
0.4373260498046875
0.16743621826171873
0.08375129699707029
0.13954124450683592
0.1326271057128906
0.24039230346679685
0.19962272644042967
0.25135955810546873
0.2191730499267578
0.43494186401367185
0.5429454803466798
0.08780441284179685
0.21392784118652342
0.21130523681640623
0.10067901611328123
0.14812431335449217
0.12475929260253904

