0.06443939208984373
0.12857398986816404
0.18627128601074217
0.27424774169921873
0.17411193847656248
0.21202049255371092
0.08923492431640623
0.11188468933105467
0.15146217346191404
0.2432533264160156
0.1867481231689453
0.47118148803710935
0.16242942810058592
0.08351287841796873
0.13977966308593748
0.12738189697265623
0.25374374389648435
0.20439109802246092
0.4029937744140625
0.21798095703124998
0.4525848388671875
0.5441375732421876
0.0830360412597656
0.21702728271484373
0.21058998107910154
0.10067901611328123
0.14812431335449217
0.12523612976074217

