0.06873092651367185
0.1276203155517578
0.18317184448242185
0.2477832794189453
0.17220458984374998
0.1879402160644531
0.08279762268066404
0.10878524780273435
0.14645538330078123
0.20844421386718748
0.19103965759277342
0.43994865417480467
0.16362152099609373
0.08375129699707029
0.1371570587158203
0.15217742919921873
0.24349174499511717
0.20248374938964842
0.19676170349121092
0.18770179748535154
0.38678131103515623
0.3398128509521484
0.10163269042968748
0.21321258544921873
0.20439109802246092
0.13191184997558592
0.14502487182617185
0.12595138549804685

