0.06658515930175779
0.1352497100830078
0.1848407745361328
0.25827369689941404
0.17411193847656248
0.21631202697753904
0.08708915710449217
0.10687789916992185
0.1478858947753906
0.21678886413574217
0.1867481231689453
0.4416175842285156
0.17101249694824217
0.07945976257324217
0.13238868713378904
0.12905082702636717
0.24873695373535154
0.19914588928222654
0.3932186126708984
0.21750411987304685
0.44018707275390623
0.543899154663086
0.08398971557617185
0.21178207397460935
0.20296058654785154
0.12833557128906248
0.14693222045898435
0.12142143249511717

