0.06372413635253904
0.12809715270996092
0.18722496032714842
0.25326690673828123
0.16982040405273435
0.1917549133300781
0.08375129699707029
0.11498413085937498
0.15480003356933592
0.21368942260742185
0.18960914611816404
0.3882118225097656
0.15861473083496092
0.07993659973144529
0.13477287292480467
0.1505084991455078
0.24873695373535154
0.23347816467285154
0.19843063354492185
0.19008598327636717
0.389642333984375
0.29880485534667967
0.10497055053710935
0.2635189056396484
0.20844421386718748
0.13167343139648435
0.14740905761718748
0.12213668823242185

