0.0467964172363281
0.12738189697265623
0.2470680236816406
0.34863433837890623
0.17220458984374998
0.15980682373046873
0.08351287841796873
0.11140785217285154
0.19390068054199217
0.30667266845703123
0.18960914611816404
0.2680488586425781
0.19008598327636717
0.08398971557617185
0.14049491882324217
0.12785873413085935
0.17029724121093748
0.19795379638671873
0.18722496032714842
0.1421638488769531
0.1784034729003906
0.21321258544921873
0.10449371337890623
0.14192543029785154
0.15789947509765623
0.0963874816894531
0.16600570678710935
0.11808357238769529

