0.07254562377929685
0.13596496582031248
0.20820579528808592
0.2539821624755859
0.17888031005859373
0.1974769592285156
0.08613548278808592
0.11236152648925779
0.1562305450439453
0.2108283996582031
0.19604644775390623
0.3297992706298828
0.17125091552734373
0.08017501831054685
0.1466938018798828
0.15313110351562498
0.2642341613769531
0.2337165832519531
0.18174133300781248
0.16433677673339842
0.35984001159667967
0.2618499755859375
0.10473213195800779
0.2883144378662109
0.23037872314453123
0.16099891662597654
0.14812431335449217
0.12618980407714842

