0.07659873962402342
0.1276203155517578
0.2115436553955078
0.2508827209472656
0.18007240295410154
0.19151649475097654
0.09209594726562498
0.11450729370117185
0.14907798767089842
0.21416625976562498
0.18650970458984373
0.32503089904785154
0.16362152099609373
0.0849433898925781
0.1409717559814453
0.16409835815429685
0.25445899963378904
0.23347816467285154
0.17625770568847654
0.1714893341064453
0.36317787170410154
0.24373016357421873
0.10687789916992185
0.29189071655273435
0.23228607177734373
0.12809715270996092
0.14240226745605467
0.12404403686523435

