0.06348571777343748
0.13787231445312498
0.24492225646972654
0.3424354553222656
0.1726814270019531
0.15861473083496092
0.0887580871582031
0.10830841064453123
0.1879402160644531
0.29904327392578123
0.1981922149658203
0.29570541381835935
0.17005882263183592
0.09424171447753904
0.1371570587158203
0.13000450134277342
0.17005882263183592
0.19604644775390623
0.1619525909423828
0.14049491882324217
0.1688667297363281
0.21058998107910154
0.08661231994628904
0.16338310241699217
0.16099891662597654
0.09877166748046873
0.1772113800048828
0.12070617675781248

