0.06753883361816404
0.12976608276367185
0.20653686523437498
0.2432533264160156
0.1707740783691406
0.18245658874511717
0.09018859863281248
0.10830841064453123
0.15503845214843748
0.21488151550292967
0.1898475646972656
0.39059600830078123
0.16290626525878904
0.08279762268066404
0.1390644073486328
0.15313110351562498
0.24492225646972654
0.22966346740722654
0.20081481933593748
0.19103965759277342
0.3855892181396484
0.2847381591796875
0.10497055053710935
0.26471099853515623
0.23133239746093748
0.11999092102050779
0.14836273193359373
0.12523612976074217

