0.06920776367187498
0.13381919860839842
0.2394386291503906
0.3417201995849609
0.1772113800048828
0.16600570678710935
0.08947334289550779
0.11021575927734373
0.19270858764648435
0.3042884826660156
0.18460235595703123
0.29522857666015623
0.2356239318847656
0.07874450683593748
0.13763389587402342
0.12618980407714842
0.16600570678710935
0.19461593627929685
0.18650970458984373
0.13930282592773435
0.17220458984374998
0.21106681823730467
0.09972534179687498
0.14550170898437498
0.1593299865722656
0.10091743469238279
0.17291984558105467
0.12595138549804685

