0.07016143798828123
0.12905082702636717
0.2413459777832031
0.3493495941162109
0.17482719421386717
0.16433677673339842
0.0887580871582031
0.11283836364746092
0.18698654174804685
0.30405006408691404
0.18746337890624998
0.2978511810302734
0.16672096252441404
0.08589706420898435
0.13858757019042967
0.12785873413085935
0.1714893341064453
0.2000995635986328
0.15718421936035154
0.13882598876953123
0.17291984558105467
0.21130523681640623
0.08208236694335935
0.16290626525878904
0.18817863464355467
0.09519538879394529
0.1772113800048828
0.1154609680175781

