0.06658515930175779
0.13358078002929685
0.1791187286376953
0.24945220947265623
0.17196617126464842
0.19151649475097654
0.08375129699707029
0.10759315490722654
0.14645538330078123
0.21011314392089842
0.18269500732421873
0.4308887481689453
0.17029724121093748
0.08351287841796873
0.14001808166503904
0.14836273193359373
0.2694793701171875
0.1962848663330078
0.22251091003417967
0.19342384338378904
0.38845024108886717
0.45091590881347654
0.10878524780273435
0.2134510040283203
0.20844421386718748
0.12809715270996092
0.1447864532470703
0.11784515380859373

