0.07588348388671873
0.13167343139648435
0.18841705322265623
0.25112113952636717
0.1955696105957031
0.19509277343749998
0.08851966857910154
0.11331520080566404
0.1517005920410156
0.2203651428222656
0.17172775268554685
0.44018707275390623
0.16982040405273435
0.08756599426269529
0.13858757019042967
0.15265426635742185
0.24539909362792967
0.20105323791503904
0.22513351440429685
0.2241798400878906
0.4175373077392578
0.5377002716064454
0.10759315490722654
0.21440467834472654
0.20462951660156248
0.12642822265624998
0.1459785461425781
0.12595138549804685

