0.07016143798828123
0.1352497100830078
0.18913230895996092
0.26971778869628904
0.1733966827392578
0.21225891113281248
0.08375129699707029
0.11379203796386717
0.15336952209472654
0.21106681823730467
0.1841255187988281
0.43994865417480467
0.1657672882080078
0.07826766967773435
0.13620338439941404
0.12285194396972654
0.2432533264160156
0.19986114501953123
0.25445899963378904
0.21559677124023435
0.4087158203125
0.5398460388183595
0.08613548278808592
0.21678886413574217
0.20176849365234373
0.12452087402343748
0.1402565002441406
0.11975250244140623

