0.06849250793457029
0.12666664123535154
0.21488151550292967
0.2489753723144531
0.17744979858398435
0.18627128601074217
0.12857398986816404
0.10806999206542967
0.15217742919921873
0.20915946960449217
0.19580802917480467
0.3958412170410156
0.1638599395751953
0.08708915710449217
0.14359436035156248
0.14883956909179685
0.24754486083984373
0.23157081604003904
0.20057640075683592
0.18388710021972654
0.38153610229492185
0.2947517395019531
0.10330162048339842
0.26661834716796873
0.23276290893554685
0.12332878112792967
0.14383277893066404
0.12142143249511717

