0.06730041503906248
0.14168701171874998
0.18054924011230467
0.24682960510253904
0.16791305541992185
0.19103965759277342
0.0792213439941406
0.1097389221191406
0.1638599395751953
0.21058998107910154
0.18531761169433592
0.4397102355957031
0.16934356689453123
0.08518180847167967
0.1383491516113281
0.15289268493652342
0.22537193298339842
0.20558319091796873
0.22847137451171873
0.22084197998046873
0.4015632629394531
0.5427070617675782
0.0849433898925781
0.21440467834472654
0.2077289581298828
0.13000450134277342
0.14836273193359373
0.12237510681152342

