0.06563148498535154
0.13238868713378904
0.24539909362792967
0.3436275482177734
0.17244300842285154
0.1619525909423828
0.09090385437011717
0.11474571228027342
0.18579444885253904
0.313348388671875
0.1879402160644531
0.26661834716796873
0.19914588928222654
0.08708915710449217
0.14383277893066404
0.12666664123535154
0.17053565979003904
0.20534477233886717
0.1867481231689453
0.14264068603515623
0.17768821716308592
0.2115436553955078
0.10497055053710935
0.1466938018798828
0.15718421936035154
0.10067901611328123
0.16910514831542967
0.1249977111816406

