0.06873092651367185
0.12738189697265623
0.18817863464355467
0.2489753723144531
0.17792663574218748
0.18579444885253904
1.1740394592285157
0.11212310791015623
0.16028366088867185
0.21368942260742185
0.19032440185546873
0.44376335144042967
0.1669593811035156
0.08565864562988279
0.13882598876953123
0.1459785461425781
0.24158439636230467
0.19866905212402342
0.19103965759277342
0.1943775177001953
0.38415870666503904
0.3627010345458984
0.10616264343261717
0.20796737670898435
0.2000995635986328
0.12428245544433592
0.14073333740234373
0.12261352539062498

