0.07135353088378904
0.1276203155517578
0.20987472534179685
0.24730644226074217
0.1753040313720703
0.18722496032714842
0.08160552978515623
0.08232078552246092
0.15456161499023435
0.20677528381347654
0.1764961242675781
0.412530517578125
0.16838989257812498
0.08255920410156248
0.13787231445312498
0.14693222045898435
0.24373016357421873
0.2000995635986328
0.19533119201660154
0.18937072753906248
0.42039833068847654
0.28759918212890623
0.10616264343261717
0.21631202697753904
0.2000995635986328
0.11951408386230467
0.1402565002441406
0.12332878112792967

