0.0715919494628906
0.1257129669189453
0.2127357482910156
0.2477832794189453
0.16815147399902342
0.19390068054199217
0.08756599426269529
0.1097389221191406
0.14931640624999998
0.2058216094970703
0.18341026306152342
0.3901191711425781
0.16147575378417967
0.08208236694335935
0.13429603576660154
0.14693222045898435
0.24539909362792967
0.20153007507324217
0.19604644775390623
0.21368942260742185
0.3786750793457031
0.2928443908691406
0.10806999206542967
0.259942626953125
0.20534477233886717
0.12523612976074217
0.14883956909179685
0.12475929260253904

