0.07063827514648435
0.14574012756347654
0.21249732971191404
0.2585121154785156
0.17888031005859373
0.19866905212402342
0.09471855163574217
0.14383277893066404
0.1562305450439453
0.2134510040283203
0.2039142608642578
0.33003768920898435
0.17387351989746092
0.08160552978515623
0.14311752319335935
0.15766105651855467
0.2527900695800781
0.2268024444580078
0.17578086853027342
0.17315826416015623
0.36889991760253904
0.24682960510253904
0.11093101501464842
0.2885528564453125
0.2744861602783203
0.12976608276367185
0.1574226379394531
0.12452087402343748

