0.07516822814941404
0.13548812866210935
0.21964988708496092
0.25255165100097654
0.1791187286376953
0.19294700622558592
0.08995018005371092
0.11116943359374998
0.15718421936035154
0.20534477233886717
0.18960914611816404
0.3233619689941406
0.17435035705566404
0.08184394836425779
0.1402565002441406
0.15885314941406248
0.2535053253173828
0.23157081604003904
0.17625770568847654
0.17196617126464842
0.3648468017578125
0.24611434936523435
0.11021575927734373
0.29260597229003904
0.22537193298339842
0.13477287292480467
0.15217742919921873
0.13095817565917967

