0.0677772521972656
0.13048133850097654
0.24682960510253904
0.3507801055908203
0.17315826416015623
0.16624412536621092
0.08732757568359373
0.1097389221191406
0.19533119201660154
0.3004737854003906
0.18960914611816404
0.2961822509765625
0.19318542480468748
0.08160552978515623
0.1421638488769531
0.12809715270996092
0.16910514831542967
0.20343742370605467
0.15027008056640623
0.13954124450683592
0.18150291442871092
0.20534477233886717
0.06730041503906248
0.16433677673339842
0.18436393737792967
0.10139427185058592
0.17864189147949217
0.11712989807128904

