0.07087669372558592
0.1288124084472656
0.24468383789062498
0.3469654083251953
0.17196617126464842
0.16624412536621092
0.08732757568359373
0.10830841064453123
0.1943775177001953
0.30595741271972654
0.19318542480468748
0.29952011108398435
0.19580802917480467
0.08708915710449217
0.14144859313964842
0.12785873413085935
0.16290626525878904
0.20081481933593748
0.1612373352050781
0.1390644073486328
0.17291984558105467
0.20796737670898435
0.07755241394042967
0.16266784667968748
0.16266784667968748
0.10139427185058592
0.17768821716308592
0.12189826965332029

