0.06896934509277342
0.1276203155517578
0.24158439636230467
0.343865966796875
0.17888031005859373
0.15909156799316404
0.08565864562988279
0.11116943359374998
0.19008598327636717
0.301904296875
0.18627128601074217
0.29570541381835935
0.19080123901367185
0.0849433898925781
0.14049491882324217
0.12928924560546873
0.1688667297363281
0.19866905212402342
0.1486011505126953
0.1409717559814453
0.17315826416015623
0.21225891113281248
0.0658699035644531
0.15861473083496092
0.18150291442871092
0.09734115600585935
0.17387351989746092
0.12070617675781248

