0.06539306640624998
0.1333423614501953
0.24373016357421873
0.34267387390136717
0.17697296142578123
0.16099891662597654
0.07945976257324217
0.11021575927734373
0.19342384338378904
0.301904296875
0.1829334259033203
0.29069862365722654
0.18555603027343748
0.07707557678222654
0.1402565002441406
0.12618980407714842
0.1714893341064453
0.19580802917480467
0.14883956909179685
0.13310394287109373
0.16838989257812498
0.2051063537597656
0.06491622924804685
0.16719779968261717
0.1829334259033203
0.09686431884765623
0.17482719421386717
0.11569938659667967

