0.06682357788085935
0.13095817565917967
0.24373016357421873
0.3412433624267578
0.17697296142578123
0.15956840515136717
0.08899650573730467
0.10997734069824217
0.18698654174804685
0.30333480834960935
0.1822181701660156
0.29761276245117185
0.20081481933593748
0.0868507385253906
0.13858757019042967
0.12070617675781248
0.1688667297363281
0.20153007507324217
0.14907798767089842
0.13668022155761717
0.16719779968261717
0.21106681823730467
0.0696846008300781
0.15909156799316404
0.17864189147949217
0.09757957458496092
0.17220458984374998
0.11474571228027342

