0.06539306640624998
0.12523612976074217
0.24158439636230467
0.34672698974609373
0.1733966827392578
0.16934356689453123
0.08518180847167967
0.11045417785644529
0.1905628204345703
0.29427490234375
0.18841705322265623
0.3050037384033203
0.19008598327636717
0.08470497131347654
0.14311752319335935
0.12857398986816404
0.17673454284667967
0.1981922149658203
0.15909156799316404
0.14574012756347654
0.1714893341064453
0.20749053955078123
0.0830360412597656
0.16719779968261717
0.16171417236328123
0.09614906311035154
0.17792663574218748
0.11665306091308592

