0.06944618225097654
0.13119659423828123
0.24277648925781248
0.3379055023193359
0.16910514831542967
0.15980682373046873
0.08708915710449217
0.10759315490722654
0.24063072204589842
0.30285797119140623
0.1829334259033203
0.29904327392578123
0.1898475646972656
0.08422813415527342
0.1421638488769531
0.12428245544433592
0.17625770568847654
0.1981922149658203
0.15193901062011717
0.1440711975097656
0.16815147399902342
0.2153583526611328
0.07445297241210935
0.16028366088867185
0.18627128601074217
0.0963874816894531
0.17935714721679685
0.12213668823242185

