0.06849250793457029
0.12833557128906248
0.2470680236816406
0.34338912963867185
0.18245658874511717
0.16552886962890623
0.09734115600585935
0.11045417785644529
0.19318542480468748
0.29904327392578123
0.18746337890624998
0.2997585296630859
0.1943775177001953
0.08542022705078123
0.14454803466796873
0.12857398986816404
0.1753040313720703
0.2020069122314453
0.15575370788574217
0.14049491882324217
0.17220458984374998
0.21631202697753904
0.07969818115234373
0.16242942810058592
0.1791187286376953
0.09996376037597654
0.17744979858398435
0.11856040954589842

