0.07564506530761717
0.13596496582031248
0.24229965209960935
0.3436275482177734
0.17959556579589842
0.16266784667968748
0.0830360412597656
0.1116462707519531
0.1974769592285156
0.3042884826660156
0.18507919311523435
0.3004737854003906
0.1898475646972656
0.08446655273437498
0.1409717559814453
0.12833557128906248
0.16934356689453123
0.20343742370605467
0.15909156799316404
0.13691864013671873
0.16791305541992185
0.20725212097167967
0.07993659973144529
0.1619525909423828
0.1562305450439453
0.09543380737304685
0.1753040313720703
0.1173683166503906

