0.07111511230468748
0.12809715270996092
0.25255165100097654
0.3417201995849609
0.17101249694824217
0.16362152099609373
0.07802925109863279
0.10568580627441404
0.19318542480468748
0.29642066955566404
0.1867481231689453
0.2916522979736328
0.19461593627929685
0.0773139953613281
0.14192543029785154
0.11903724670410154
0.16481361389160154
0.19843063354492185
0.15408477783203123
0.1402565002441406
0.17005882263183592
0.21130523681640623
0.07421455383300779
0.1619525909423828
0.17935714721679685
0.09901008605957029
0.17816505432128904
0.12261352539062498

