0.06515464782714842
0.12595138549804685
0.24158439636230467
0.32431564331054685
0.19413909912109373
0.16743621826171873
0.06634674072265623
0.10663948059082029
0.19342384338378904
0.3035732269287109
0.18555603027343748
0.2999969482421875
0.18650970458984373
0.08184394836425779
0.14001808166503904
0.12714347839355467
0.16338310241699217
0.19866905212402342
0.15289268493652342
0.13858757019042967
0.17101249694824217
0.2210803985595703
0.06801567077636717
0.1619525909423828
0.17816505432128904
0.09495697021484373
0.17959556579589842
0.11450729370117185

