0.06920776367187498
0.1307197570800781
0.26900253295898435
0.36770782470703123
0.17315826416015623
0.1638599395751953
0.08923492431640623
0.10497055053710935
0.1886554718017578
0.31167945861816404
0.18937072753906248
0.30095062255859373
0.19223175048828123
0.08518180847167967
0.14240226745605467
0.12475929260253904
0.16624412536621092
0.20248374938964842
0.15003166198730467
0.1478858947753906
0.17387351989746092
0.2089210510253906
0.06801567077636717
0.16743621826171873
0.18388710021972654
0.11426887512207029
0.18364868164062498
0.12332878112792967

