0.06873092651367185
0.12475929260253904
0.24873695373535154
0.34410438537597654
0.17291984558105467
0.1638599395751953
0.08851966857910154
0.11331520080566404
0.1936622619628906
0.2997585296630859
0.18197975158691404
0.2966590881347656
0.19509277343749998
0.0811286926269531
0.14526329040527342
0.12213668823242185
0.17387351989746092
0.19986114501953123
0.14621696472167967
0.14121017456054685
0.17506561279296873
0.2153583526611328
0.07278404235839842
0.16552886962890623
0.1791187286376953
0.09781799316406248
0.1791187286376953
0.11879882812499998

