0.07659873962402342
0.1295276641845703
0.2458759307861328
0.3488727569580078
0.1733966827392578
0.16290626525878904
0.0830360412597656
0.10830841064453123
0.1886554718017578
0.2985664367675781
0.18245658874511717
0.29570541381835935
0.18817863464355467
0.08136711120605467
0.13381919860839842
0.12380561828613279
0.17220458984374998
0.20176849365234373
0.15313110351562498
0.13668022155761717
0.1803108215332031
0.21750411987304685
0.06849250793457029
0.1638599395751953
0.18269500732421873
0.09948692321777342
0.18150291442871092
0.11808357238769529

