0.06491622924804685
0.13310394287109373
0.23991546630859373
0.34529647827148435
0.17506561279296873
0.1650520324707031
0.08756599426269529
0.10878524780273435
0.19270858764648435
0.30476531982421873
0.22561035156249998
0.3011890411376953
0.18889389038085935
0.08470497131347654
0.1371570587158203
0.1295276641845703
0.17315826416015623
0.20248374938964842
0.15456161499023435
0.13977966308593748
0.17625770568847654
0.21011314392089842
0.07183036804199217
0.16433677673339842
0.17625770568847654
0.10163269042968748
0.1733966827392578
0.12595138549804685

