0.06300888061523435
0.12976608276367185
0.24468383789062498
0.34648857116699217
0.17768821716308592
0.16266784667968748
0.09138069152832029
0.11331520080566404
0.1936622619628906
0.30786476135253904
0.18650970458984373
0.3398128509521484
0.18937072753906248
0.0792213439941406
0.1440711975097656
0.1249977111816406
0.16719779968261717
0.20033798217773435
0.15384635925292967
0.14049491882324217
0.17220458984374998
0.21583518981933592
0.06873092651367185
0.16290626525878904
0.1879402160644531
0.09757957458496092
0.17768821716308592
0.11689147949218748

