0.06443939208984373
0.12642822265624998
0.24444541931152342
0.3493495941162109
0.17673454284667967
0.16481361389160154
0.08470497131347654
0.1078315734863281
0.19390068054199217
0.30214271545410154
0.18770179748535154
0.29952011108398435
0.1924701690673828
0.07993659973144529
0.15694580078124998
0.12976608276367185
0.16815147399902342
0.2012916564941406
0.16171417236328123
0.14621696472167967
0.1764961242675781
0.2146430969238281
0.08232078552246092
0.16838989257812498
0.1581378936767578
0.09996376037597654
0.1714893341064453
0.11665306091308592

