0.06825408935546873
0.12928924560546873
0.2496906280517578
0.3455348968505859
0.1726814270019531
0.16648254394531248
0.08208236694335935
0.10926208496093748
0.18722496032714842
0.3004737854003906
0.18436393737792967
0.30285797119140623
0.19127807617187498
0.07993659973144529
0.13620338439941404
0.12738189697265623
0.16934356689453123
0.20296058654785154
0.15527687072753904
0.1440711975097656
0.17196617126464842
0.2153583526611328
0.07135353088378904
0.1638599395751953
0.1829334259033203
0.09376487731933592
0.17411193847656248
0.13238868713378904

