0.06610832214355467
0.12404403686523435
0.24373016357421873
0.34028968811035154
0.1791187286376953
0.1657672882080078
0.08398971557617185
0.11307678222656248
0.1867481231689453
0.29952011108398435
0.19199333190917967
0.298089599609375
0.19700012207031248
0.0792213439941406
0.1383491516113281
0.12618980407714842
0.16600570678710935
0.20272216796874998
0.15336952209472654
0.1421638488769531
0.17506561279296873
0.2146430969238281
0.08160552978515623
0.16791305541992185
0.16719779968261717
0.10306320190429685
0.17601928710937498
0.11856040954589842

