0.06873092651367185
0.12857398986816404
0.2451606750488281
0.34291229248046873
0.17816505432128904
0.16791305541992185
0.08732757568359373
0.11116943359374998
0.1879402160644531
0.30261955261230467
0.1860328674316406
0.30023536682128904
0.2191730499267578
0.08518180847167967
0.14168701171874998
0.13024291992187498
0.16552886962890623
0.20224533081054685
0.1574226379394531
0.18627128601074217
0.17554244995117185
0.18722496032714842
0.08851966857910154
0.16266784667968748
0.16242942810058592
0.09734115600585935
0.17435035705566404
0.12046775817871092

