0.06801567077636717
0.12857398986816404
0.24992904663085935
0.3431507110595703
0.17983398437499998
0.16672096252441404
0.08947334289550779
0.12380561828613279
0.18698654174804685
0.31668624877929685
0.18913230895996092
0.3042884826660156
0.19080123901367185
0.08828124999999998
0.1440711975097656
0.1276203155517578
0.16362152099609373
0.19962272644042967
0.15694580078124998
0.14192543029785154
0.1676746368408203
0.21249732971191404
0.07683715820312498
0.15861473083496092
0.1810260772705078
0.10234794616699217
0.17673454284667967
0.12428245544433592

