0.06730041503906248
0.1326271057128906
0.2439685821533203
0.34672698974609373
0.17697296142578123
0.16481361389160154
0.08899650573730467
0.11140785217285154
0.19318542480468748
0.3004737854003906
0.18770179748535154
0.2940364837646484
0.19485435485839842
0.08398971557617185
0.14049491882324217
0.12523612976074217
0.16934356689453123
0.1962848663330078
0.15456161499023435
0.13954124450683592
0.16672096252441404
0.21583518981933592
0.07802925109863279
0.1631446838378906
0.1536079406738281
0.09972534179687498
0.17625770568847654
0.11951408386230467

