0.07016143798828123
0.12666664123535154
0.23991546630859373
0.343865966796875
0.1764961242675781
0.1638599395751953
0.08995018005371092
0.1116462707519531
0.19080123901367185
0.2985664367675781
0.19413909912109373
0.30095062255859373
0.1974769592285156
0.07993659973144529
0.1390644073486328
0.12785873413085935
0.17244300842285154
0.2058216094970703
0.1574226379394531
0.14335594177246092
0.17482719421386717
0.21392784118652342
0.06944618225097654
0.16433677673339842
0.18126449584960935
0.09781799316406248
0.17864189147949217
0.11903724670410154

