0.06658515930175779
0.1295276641845703
0.24468383789062498
0.34648857116699217
0.1772113800048828
0.16600570678710935
0.08375129699707029
0.11474571228027342
0.18841705322265623
0.3035732269287109
0.18817863464355467
0.30214271545410154
0.1943775177001953
0.08518180847167967
0.13691864013671873
0.13024291992187498
0.17220458984374998
0.19652328491210935
0.15003166198730467
0.14001808166503904
0.16982040405273435
0.21106681823730467
0.06420097351074217
0.1669593811035156
0.18460235595703123
0.1002021789550781
0.18245658874511717
0.11522254943847654

