0.06372413635253904
0.13477287292480467
0.24063072204589842
0.3495880126953125
0.1745887756347656
0.1650520324707031
0.0849433898925781
0.10735473632812498
0.18555603027343748
0.30261955261230467
0.18698654174804685
0.3023811340332031
0.19223175048828123
0.07755241394042967
0.1447864532470703
0.12666664123535154
0.17482719421386717
0.19509277343749998
0.14907798767089842
0.13739547729492185
0.17101249694824217
0.2134510040283203
0.06825408935546873
0.16147575378417967
0.17935714721679685
0.09495697021484373
0.17625770568847654
0.12094459533691404

