0.06849250793457029
0.13119659423828123
0.24420700073242185
0.3405281066894531
0.17435035705566404
0.16529045104980467
0.08947334289550779
0.11021575927734373
0.18913230895996092
0.3076263427734375
0.1848407745361328
0.2959438323974609
0.18817863464355467
0.08208236694335935
0.14001808166503904
0.1257129669189453
0.17172775268554685
0.1955696105957031
0.15384635925292967
0.1409717559814453
0.1745887756347656
0.2134510040283203
0.06873092651367185
0.16648254394531248
0.18722496032714842
0.09662590026855467
0.17744979858398435
0.11665306091308592

