0.06920776367187498
0.13620338439941404
0.2382465362548828
0.3431507110595703
0.17363510131835935
0.1612373352050781
0.08804283142089842
0.11426887512207029
0.18746337890624998
0.29713592529296873
0.18579444885253904
0.29904327392578123
0.18913230895996092
0.08255920410156248
0.13882598876953123
0.12428245544433592
0.17673454284667967
0.1974769592285156
0.1497932434082031
0.1333423614501953
0.17792663574218748
0.21202049255371092
0.06849250793457029
0.16171417236328123
0.1791187286376953
0.08923492431640623
0.17578086853027342
0.1173683166503906

