0.06944618225097654
0.13191184997558592
0.23967704772949217
0.34410438537597654
0.1810260772705078
0.16338310241699217
0.08732757568359373
0.10711631774902342
0.19199333190917967
0.30595741271972654
0.1841255187988281
0.29499015808105467
0.16624412536621092
0.08947334289550779
0.14144859313964842
0.12237510681152342
0.16433677673339842
0.19962272644042967
0.15527687072753904
0.14883956909179685
0.17554244995117185
0.2229877471923828
0.0849433898925781
0.16219100952148435
0.16028366088867185
0.09924850463867185
0.18174133300781248
0.12356719970703123

