0.06515464782714842
0.12809715270996092
0.24420700073242185
0.3500648498535156
0.1753040313720703
0.16290626525878904
0.09090385437011717
0.10687789916992185
0.18937072753906248
0.30214271545410154
0.18913230895996092
0.29880485534667967
0.19318542480468748
0.07874450683593748
0.13501129150390623
0.12809715270996092
0.17196617126464842
0.19914588928222654
0.15789947509765623
0.14454803466796873
0.17101249694824217
0.21678886413574217
0.06634674072265623
0.16600570678710935
0.1829334259033203
0.0982948303222656
0.18150291442871092
0.11665306091308592

