0.06324729919433592
0.12595138549804685
0.24563751220703123
0.3469654083251953
0.17625770568847654
0.16338310241699217
0.08422813415527342
0.11140785217285154
0.19318542480468748
0.30667266845703123
0.1822181701660156
0.2966590881347656
0.19151649475097654
0.08136711120605467
0.1345344543457031
0.12642822265624998
0.16815147399902342
0.19890747070312498
0.1555152893066406
0.1447864532470703
0.1695819854736328
0.21011314392089842
0.07135353088378904
0.16743621826171873
0.18555603027343748
0.1002021789550781
0.17625770568847654
0.11593780517578123

