0.06658515930175779
0.1307197570800781
0.24301490783691404
0.34291229248046873
0.17291984558105467
0.15980682373046873
0.08184394836425779
0.11379203796386717
0.18650970458984373
0.30786476135253904
0.18007240295410154
0.29451332092285154
0.1848407745361328
0.08089027404785154
0.15289268493652342
0.12261352539062498
0.16409835815429685
0.19843063354492185
0.1497932434082031
0.13977966308593748
0.17125091552734373
0.2127357482910156
0.07016143798828123
0.16219100952148435
0.18770179748535154
0.09471855163574217
0.1772113800048828
0.11879882812499998

