0.07302246093749998
0.12857398986816404
0.2439685821533203
0.3386207580566406
0.16910514831542967
0.16266784667968748
0.0868507385253906
0.10640106201171873
0.18817863464355467
0.29689750671386717
0.18269500732421873
0.30095062255859373
0.18841705322265623
0.08208236694335935
0.1390644073486328
0.1276203155517578
0.17315826416015623
0.19676170349121092
0.15956840515136717
0.1383491516113281
0.1784034729003906
0.1962848663330078
0.07039985656738279
0.15861473083496092
0.18245658874511717
0.09853324890136717
0.18317184448242185
0.11569938659667967

