0.06920776367187498
0.13429603576660154
0.252313232421875
0.3481575012207031
0.1764961242675781
0.17029724121093748
0.08470497131347654
0.10902366638183592
0.19270858764648435
0.30214271545410154
0.2012916564941406
0.2997585296630859
0.18555603027343748
0.07874450683593748
0.14073333740234373
0.1257129669189453
0.17101249694824217
0.19318542480468748
0.33957443237304685
0.13358078002929685
0.16862831115722654
0.21225891113281248
0.06706199645996092
0.16457519531249998
0.22656402587890623
0.09424171447753904
0.17220458984374998
0.12094459533691404

