0.06467781066894529
0.12976608276367185
0.2420612335205078
0.3469654083251953
0.17125091552734373
0.1612373352050781
0.08398971557617185
0.10568580627441404
0.18579444885253904
0.30261955261230467
0.1886554718017578
0.29522857666015623
0.18746337890624998
0.07969818115234373
0.13930282592773435
0.12094459533691404
0.16624412536621092
0.19676170349121092
0.15599212646484373
0.13763389587402342
0.1753040313720703
0.20796737670898435
0.07588348388671873
0.1619525909423828
0.18174133300781248
0.08422813415527342
0.1745887756347656
0.11856040954589842

