0.06324729919433592
0.12809715270996092
0.2597042083740234
0.34672698974609373
0.17315826416015623
0.16934356689453123
0.08565864562988279
0.11236152648925779
0.18889389038085935
0.29642066955566404
0.19294700622558592
0.29904327392578123
0.1764961242675781
0.07945976257324217
0.14192543029785154
0.1345344543457031
0.17363510131835935
0.19485435485839842
0.1524158477783203
0.14264068603515623
0.18913230895996092
0.21130523681640623
0.0811286926269531
0.16147575378417967
0.1555152893066406
0.10163269042968748
0.17172775268554685
0.12332878112792967

