0.06944618225097654
0.13119659423828123
0.24420700073242185
0.33957443237304685
0.17387351989746092
0.1581378936767578
0.08923492431640623
0.10830841064453123
0.1879402160644531
0.30142745971679685
0.19080123901367185
0.29332122802734373
0.18960914611816404
0.07850608825683592
0.13501129150390623
0.1288124084472656
0.16910514831542967
0.19795379638671873
0.14836273193359373
0.14383277893066404
0.17387351989746092
0.20987472534179685
0.0715919494628906
0.15861473083496092
0.1905628204345703
0.09710273742675779
0.18078765869140623
0.12165985107421873

