0.06920776367187498
0.13000450134277342
0.24063072204589842
0.34672698974609373
0.1791187286376953
0.16099891662597654
0.0887580871582031
0.1192756652832031
0.19151649475097654
0.3050037384033203
0.18817863464355467
0.2935596466064453
0.19604644775390623
0.07850608825683592
0.13954124450683592
0.12809715270996092
0.16719779968261717
0.20153007507324217
0.15480003356933592
0.14049491882324217
0.17172775268554685
0.21821937561035154
0.06515464782714842
0.1676746368408203
0.18436393737792967
0.10044059753417967
0.1707740783691406
0.1192756652832031

