0.06849250793457029
0.13238868713378904
0.24349174499511717
0.3481575012207031
0.17172775268554685
0.16552886962890623
0.08804283142089842
0.11259994506835935
0.19461593627929685
0.30595741271972654
0.18746337890624998
0.3030963897705078
0.1905628204345703
0.07755241394042967
0.1517005920410156
0.12285194396972654
0.1695819854736328
0.20606002807617185
0.15193901062011717
0.14335594177246092
0.17029724121093748
0.2134510040283203
0.07063827514648435
0.1650520324707031
0.1867481231689453
0.10687789916992185
0.17482719421386717
0.13238868713378904

