0.06730041503906248
0.13763389587402342
0.2401538848876953
0.3455348968505859
0.17315826416015623
0.16290626525878904
0.09233436584472654
0.11307678222656248
0.1879402160644531
0.301904296875
0.1879402160644531
0.30071220397949217
0.1924701690673828
0.08160552978515623
0.14430961608886717
0.12785873413085935
0.16791305541992185
0.2012916564941406
0.15480003356933592
0.13858757019042967
0.17935714721679685
0.2115436553955078
0.0830360412597656
0.16409835815429685
0.16600570678710935
0.09734115600585935
0.17935714721679685
0.12213668823242185

