0.06849250793457029
0.12928924560546873
0.2585121154785156
0.343865966796875
0.17697296142578123
0.1688667297363281
0.08351287841796873
0.11212310791015623
0.19723854064941404
0.31024894714355467
0.18698654174804685
0.2961822509765625
0.19533119201660154
0.07993659973144529
0.14311752319335935
0.1249977111816406
0.17125091552734373
0.20153007507324217
0.1555152893066406
0.14073333740234373
0.17196617126464842
0.21249732971191404
0.06563148498535154
0.16433677673339842
0.1867481231689453
0.1059242248535156
0.1745887756347656
0.13930282592773435

