0.06372413635253904
0.12523612976074217
0.24373016357421873
0.332421875
0.17482719421386717
0.16242942810058592
0.08828124999999998
0.10544738769531248
0.1860328674316406
0.3088184356689453
0.18460235595703123
0.3004737854003906
0.19485435485839842
0.07993659973144529
0.14454803466796873
0.13286552429199217
0.1688667297363281
0.20248374938964842
0.15670738220214842
0.14359436035156248
0.17220458984374998
0.21702728271484373
0.07063827514648435
0.16290626525878904
0.1841255187988281
0.09805641174316404
0.18007240295410154
0.1192756652832031

