0.06634674072265623
0.12785873413085935
0.2401538848876953
0.3431507110595703
0.17411193847656248
0.16171417236328123
0.08851966857910154
0.1097389221191406
0.19103965759277342
0.30858001708984373
0.19342384338378904
0.30095062255859373
0.18722496032714842
0.08732757568359373
0.14073333740234373
0.12642822265624998
0.17053565979003904
0.20248374938964842
0.15146217346191404
0.13763389587402342
0.1688667297363281
0.2089210510253906
0.0811286926269531
0.16481361389160154
0.18460235595703123
0.09948692321777342
0.17697296142578123
0.11879882812499998

