0.06944618225097654
0.1345344543457031
0.24301490783691404
0.34076652526855467
0.1733966827392578
0.16266784667968748
0.08613548278808592
0.11140785217285154
0.18841705322265623
0.3088184356689453
0.18507919311523435
0.2973743438720703
0.19294700622558592
0.08041343688964842
0.14430961608886717
0.12618980407714842
0.1669593811035156
0.19604644775390623
0.1600452423095703
0.14001808166503904
0.1695819854736328
0.21631202697753904
0.06610832214355467
0.1650520324707031
0.18555603027343748
0.0963874816894531
0.17506561279296873
0.11259994506835935

