0.07039985656738279
0.12547454833984373
0.2382465362548828
0.33719024658203123
0.17411193847656248
0.16028366088867185
0.08398971557617185
0.10687789916992185
0.18841705322265623
0.30333480834960935
0.1879402160644531
0.2928443908691406
0.19080123901367185
0.08255920410156248
0.1402565002441406
0.12809715270996092
0.16648254394531248
0.19986114501953123
0.15193901062011717
0.13787231445312498
0.17315826416015623
0.21106681823730467
0.0639625549316406
0.16028366088867185
0.1867481231689453
0.10139427185058592
0.18078765869140623
0.11212310791015623

