0.06420097351074217
0.12642822265624998
0.24349174499511717
0.3386207580566406
0.17315826416015623
0.16433677673339842
0.08756599426269529
0.10997734069824217
0.1936622619628906
0.30333480834960935
0.1841255187988281
0.2947517395019531
0.19390068054199217
0.0792213439941406
0.14311752319335935
0.13167343139648435
0.17792663574218748
0.19199333190917967
0.15193901062011717
0.14955482482910154
0.1772113800048828
0.21511993408203123
0.07183036804199217
0.16600570678710935
0.18174133300781248
0.10354003906249998
0.18245658874511717
0.12356719970703123

