0.07278404235839842
0.13024291992187498
0.24659118652343748
0.3419586181640625
0.16982040405273435
0.16290626525878904
0.08637390136718748
0.10759315490722654
0.18913230895996092
0.29832801818847654
0.1860328674316406
0.29689750671386717
0.19509277343749998
0.0792213439941406
0.1364418029785156
0.12165985107421873
0.17005882263183592
0.19986114501953123
0.15217742919921873
0.13501129150390623
0.16529045104980467
0.2089210510253906
0.07254562377929685
0.16266784667968748
0.1860328674316406
0.0963874816894531
0.17697296142578123
0.12666664123535154

