0.06420097351074217
0.12905082702636717
0.24444541931152342
0.34791908264160154
0.1772113800048828
0.16910514831542967
0.08136711120605467
0.11450729370117185
0.18913230895996092
0.30643424987792967
0.1867481231689453
0.3038116455078125
0.19580802917480467
0.08780441284179685
0.14693222045898435
0.12356719970703123
0.17411193847656248
0.20439109802246092
0.15265426635742185
0.14168701171874998
0.1676746368408203
0.21583518981933592
0.07373771667480467
0.16433677673339842
0.18388710021972654
0.09519538879394529
0.1772113800048828
0.11951408386230467

