0.07445297241210935
0.1295276641845703
0.24229965209960935
0.34458122253417967
0.1745887756347656
0.16266784667968748
0.08279762268066404
0.11259994506835935
0.1924701690673828
0.30261955261230467
0.1860328674316406
0.2992816925048828
0.18770179748535154
0.08422813415527342
0.14192543029785154
0.12428245544433592
0.16719779968261717
0.20272216796874998
0.15265426635742185
0.13930282592773435
0.17363510131835935
0.21225891113281248
0.07683715820312498
0.16147575378417967
0.1848407745361328
0.09877166748046873
0.17554244995117185
0.11760673522949217

