0.08041343688964842
0.17792663574218748
0.25827369689941404
0.32050094604492185
0.24659118652343748
0.21559677124023435
0.09495697021484373
0.09424171447753904
0.14955482482910154
0.2768703460693359
0.3622241973876953
0.2165504455566406
0.13572654724121092
0.06181678771972654
0.14049491882324217
0.23967704772949217
0.3100105285644531
0.20653686523437498
0.14717063903808592
0.22775611877441404
0.35531005859375
0.38678131103515623
0.10806999206542967
0.13954124450683592
0.2203651428222656
0.10115585327148435
0.21178207397460935
0.11069259643554685

