0.07826766967773435
0.20534477233886717
0.3061958312988281
0.3493495941162109
0.267572021484375
0.2356239318847656
0.09400329589843748
0.0849433898925781
0.15193901062011717
0.2725788116455078
0.37962875366210935
0.24229965209960935
0.13882598876953123
0.06467781066894529
0.14121017456054685
0.21893463134765623
0.29904327392578123
0.20749053955078123
0.1974769592285156
0.28736076354980467
0.4823871612548828
0.4847713470458984
0.09781799316406248
0.13882598876953123
0.22060356140136717
0.12618980407714842
0.24563751220703123
0.14264068603515623

