0.08136711120605467
0.17768821716308592
0.2866455078125
0.32169303894042967
0.26661834716796873
0.21178207397460935
0.09138069152832029
0.08851966857910154
0.14764747619628904
0.2737709045410156
0.37462196350097654
0.2115436553955078
0.13811073303222654
0.06491622924804685
0.14049491882324217
0.23991546630859373
0.3035732269287109
0.20868263244628904
0.1772113800048828
0.2561279296875
0.374383544921875
0.4072853088378906
0.09138069152832029
0.14335594177246092
0.21559677124023435
0.09948692321777342
0.20033798217773435
0.10044059753417967

