0.12452087402343748
0.2077289581298828
0.3092952728271484
0.3495880126953125
0.2656646728515625
0.23276290893554685
0.12022933959960935
0.08804283142089842
0.15217742919921873
0.267572021484375
0.3805824279785156
0.26471099853515623
0.1383491516113281
0.06563148498535154
0.13048133850097654
0.2229877471923828
0.3011890411376953
0.18579444885253904
0.19771537780761717
0.25374374389648435
0.4544921875
0.458306884765625
0.09781799316406248
0.14049491882324217
0.21893463134765623
0.12261352539062498
0.2508827209472656
0.13858757019042967

