0.07969818115234373
0.21178207397460935
0.3038116455078125
0.34601173400878904
0.2656646728515625
0.24182281494140623
0.11236152648925779
0.0887580871582031
0.15074691772460935
0.26971778869628904
0.38225135803222654
0.24039230346679685
0.14192543029785154
0.0658699035644531
0.13858757019042967
0.22346458435058592
0.3152557373046875
0.18698654174804685
0.19509277343749998
0.25255165100097654
0.4602142333984375
0.485009765625
0.10044059753417967
0.1383491516113281
0.2825923919677734
0.11712989807128904
0.24563751220703123
0.1390644073486328

