0.07755241394042967
0.1803108215332031
0.28759918212890623
0.3252693176269531
0.26709518432617185
0.22060356140136717
0.09519538879394529
0.09376487731933592
0.1600452423095703
0.2768703460693359
0.38845024108886717
0.23729286193847654
0.14168701171874998
0.06372413635253904
0.13858757019042967
0.2451606750488281
0.3069110870361328
0.19604644775390623
0.14740905761718748
0.22966346740722654
0.382012939453125
0.3915496826171875
0.09853324890136717
0.1459785461425781
0.22656402587890623
0.10520896911621092
0.19676170349121092
0.10520896911621092

