0.07969818115234373
0.21702728271484373
0.2847381591796875
0.34148178100585935
0.26328048706054685
0.2413459777832031
0.08971176147460935
0.08637390136718748
0.1505084991455078
0.27543983459472654
0.35602531433105467
0.22942504882812498
0.13429603576660154
0.06086311340332029
0.13858757019042967
0.24373016357421873
0.29761276245117185
0.23204765319824217
0.17435035705566404
0.2520748138427734
0.4294582366943359
0.4327960968017578
0.0982948303222656
0.1371570587158203
0.22322616577148435
0.09948692321777342
0.24063072204589842
0.09185752868652342

