0.12213668823242185
0.2260871887207031
0.45330009460449217
0.3703304290771484
0.28116188049316404
0.22656402587890623
0.11140785217285154
0.08422813415527342
0.17959556579589842
0.267572021484375
0.2878376007080078
0.2165504455566406
0.13668022155761717
0.08971176147460935
0.13811073303222654
0.19771537780761717
0.3050037384033203
0.18436393737792967
0.1600452423095703
0.2577968597412109
0.6421276092529298
0.3970333099365234
0.09352645874023435
0.15789947509765623
0.21559677124023435
0.1211830139160156
0.15909156799316404
0.09328804016113279

