0.12785873413085935
0.23204765319824217
0.427789306640625
0.37390670776367185
0.2787776947021484
0.23610076904296873
0.11712989807128904
0.13858757019042967
0.17792663574218748
0.26661834716796873
0.29761276245117185
0.20486793518066404
0.12857398986816404
0.09090385437011717
0.13429603576660154
0.19962272644042967
0.2978511810302734
0.18054924011230467
0.15408477783203123
0.259942626953125
0.6495185852050782
0.3920265197753906
0.08851966857910154
0.13691864013671873
0.22155723571777342
0.11784515380859373
0.16052207946777342
0.09018859863281248

