0.13024291992187498
0.23037872314453123
0.4263587951660156
0.3703304290771484
0.27615509033203123
0.23395500183105467
0.11641464233398435
0.08518180847167967
0.17625770568847654
0.26637992858886717
0.2885528564453125
0.21058998107910154
0.1326271057128906
0.08637390136718748
0.13668022155761717
0.19771537780761717
0.30834159851074217
0.18436393737792967
0.15909156799316404
0.26471099853515623
0.6919570922851563
0.4187294006347656
0.08899650573730467
0.14168701171874998
0.2153583526611328
0.11951408386230467
0.16099891662597654
0.09400329589843748

