0.13095817565917967
0.2325244903564453
0.4218288421630859
0.3691383361816406
3.3713050842285153
0.23729286193847654
0.11760673522949217
0.07993659973144529
0.18007240295410154
0.2673336029052734
0.29570541381835935
0.2070137023925781
0.13787231445312498
0.0906654357910156
0.14240226745605467
0.19676170349121092
0.30714950561523435
0.18507919311523435
0.1619525909423828
0.2604194641113281
0.7157989501953126
0.41777572631835935
0.09495697021484373
0.1371570587158203
0.21750411987304685
0.12142143249511717
0.16338310241699217
0.09281120300292967

