0.12928924560546873
0.22918663024902342
0.42993507385253904
0.3698535919189453
0.2794929504394531
0.2394386291503906
0.11307678222656248
0.0830360412597656
0.17816505432128904
0.267572021484375
0.28950653076171873
0.2089210510253906
0.13477287292480467
0.09352645874023435
0.12833557128906248
0.19103965759277342
0.301904296875
0.1784034729003906
0.15766105651855467
0.2592273712158203
0.6912418365478517
0.41634521484375
0.08947334289550779
0.13882598876953123
0.22203407287597654
0.12022933959960935
0.16099891662597654
0.09805641174316404

