0.10139427185058592
0.22847137451171873
0.42921981811523435
0.36627731323242185
0.3603168487548828
0.2344318389892578
0.09734115600585935
0.08208236694335935
0.18460235595703123
0.27090988159179685
0.2940364837646484
0.20629844665527342
0.13787231445312498
0.09567222595214842
0.13691864013671873
0.19986114501953123
0.29832801818847654
0.17959556579589842
0.15646896362304685
0.2573200225830078
0.7432170867919923
0.420159912109375
0.08995018005371092
0.13954124450683592
0.21774253845214842
0.11569938659667967
0.15527687072753904
0.08923492431640623

