0.12428245544433592
0.23538551330566404
0.42468986511230467
0.37152252197265623
0.34100494384765623
0.23300132751464842
0.11593780517578123
0.0849433898925781
0.17363510131835935
0.27043304443359373
0.29642066955566404
0.2172657012939453
0.13310394287109373
0.08971176147460935
0.13596496582031248
0.2031990051269531
0.3061958312988281
0.17983398437499998
0.1555152893066406
0.2539821624755859
0.707931137084961
0.4220672607421875
0.08828124999999998
0.14264068603515623
0.21321258544921873
0.11975250244140623
0.16147575378417967
0.09567222595214842

