0.10663948059082029
0.23276290893554685
0.42230567932128904
0.366754150390625
0.3927417755126953
0.2356239318847656
0.11379203796386717
0.0849433898925781
0.17935714721679685
0.27210197448730467
0.3016658782958984
0.2630420684814453
0.13215026855468748
0.08398971557617185
0.14144859313964842
0.19390068054199217
0.2992816925048828
0.17816505432128904
0.15694580078124998
0.28616867065429685
0.7932849884033204
0.44185600280761717
0.08804283142089842
0.13763389587402342
0.2146430969238281
0.14073333740234373
0.15599212646484373
0.08923492431640623

