0.1269050598144531
0.22584877014160154
0.4351802825927734
0.37342987060546873
0.28354606628417967
0.23991546630859373
0.11236152648925779
0.07779083251953123
0.1784034729003906
0.27043304443359373
0.2916522979736328
0.2089210510253906
0.13286552429199217
0.0925727844238281
0.13405761718749998
0.19294700622558592
0.29880485534667967
0.17959556579589842
0.16099891662597654
0.259942626953125
0.6910034179687501
0.420159912109375
0.09114227294921873
0.14550170898437498
0.22084197998046873
0.1192756652832031
0.15575370788574217
0.09662590026855467

