0.12642822265624998
0.22704086303710935
0.42302093505859373
0.36699256896972654
0.36436996459960935
0.2337165832519531
0.10902366638183592
0.08732757568359373
0.18650970458984373
0.2737709045410156
0.29499015808105467
0.20439109802246092
0.1352497100830078
0.08947334289550779
0.1352497100830078
0.19723854064941404
0.3030963897705078
0.1803108215332031
0.16600570678710935
0.2825923919677734
0.7367797851562501
0.41324577331542967
0.09281120300292967
0.1440711975097656
0.2096363067626953
0.12070617675781248
0.15766105651855467
0.08708915710449217

