0.12523612976074217
0.22894821166992185
0.45353851318359373
0.3755756378173828
0.2825923919677734
0.23157081604003904
0.08613548278808592
0.0811286926269531
0.18174133300781248
0.26590309143066404
0.2909370422363281
0.20653686523437498
0.1307197570800781
0.08255920410156248
0.13882598876953123
0.19151649475097654
0.30095062255859373
0.18341026306152342
0.15670738220214842
0.25755844116210935
0.6442733764648438
0.397271728515625
0.0868507385253906
0.13429603576660154
0.22561035156249998
0.11259994506835935
0.16028366088867185
0.08804283142089842

