0.13310394287109373
0.2299018859863281
0.4282661437988281
0.3698535919189453
0.34338912963867185
0.2356239318847656
0.11021575927734373
0.08398971557617185
0.1784034729003906
0.26900253295898435
0.29189071655273435
0.20486793518066404
0.13358078002929685
0.09471855163574217
0.13358078002929685
0.19843063354492185
0.362939453125
0.1860328674316406
0.16147575378417967
0.2616115570068359
0.6969638824462892
0.41205368041992185
0.09185752868652342
0.13548812866210935
0.21511993408203123
0.11784515380859373
0.15599212646484373
0.08708915710449217

