0.13286552429199217
0.23419342041015623
0.4275508880615234
0.36365470886230467
0.37152252197265623
0.23586235046386717
0.11808357238769529
0.08184394836425779
0.1803108215332031
0.2730556488037109
0.2978511810302734
0.22203407287597654
0.1345344543457031
0.09138069152832029
0.13358078002929685
0.19151649475097654
0.3061958312988281
0.17744979858398435
0.15670738220214842
0.2847381591796875
0.7367797851562501
0.42302093505859373
0.0906654357910156
0.13811073303222654
0.21249732971191404
0.15861473083496092
0.1619525909423828
0.08971176147460935

