0.12094459533691404
0.23228607177734373
0.4275508880615234
0.3717609405517578
0.3417201995849609
0.23037872314453123
0.11474571228027342
0.0792213439941406
0.17792663574218748
0.26328048706054685
0.32169303894042967
0.21106681823730467
0.13429603576660154
0.09281120300292967
0.13787231445312498
0.19342384338378904
0.3054805755615234
0.18507919311523435
0.16028366088867185
0.2616115570068359
0.717229461669922
0.41777572631835935
0.09710273742675779
0.14144859313964842
0.21702728271484373
0.11641464233398435
0.1593299865722656
0.09424171447753904

