0.1371570587158203
0.22727928161621092
0.45210800170898435
0.37319145202636717
0.2814002990722656
0.23657760620117185
0.11879882812499998
0.11498413085937498
0.17625770568847654
0.2706714630126953
0.2966590881347656
0.21249732971191404
0.1326271057128906
0.08613548278808592
0.1364418029785156
0.19342384338378904
0.3016658782958984
0.18698654174804685
0.1581378936767578
0.26208839416503904
0.6387897491455079
0.3927417755126953
0.09781799316406248
0.1409717559814453
0.21702728271484373
0.12356719970703123
0.16147575378417967
0.09233436584472654

