0.11045417785644529
0.23419342041015623
0.4244514465332031
0.37009201049804685
0.35173377990722654
0.23490867614746092
0.10711631774902342
0.08780441284179685
0.17792663574218748
0.2680488586425781
0.29308280944824217
0.2051063537597656
0.1288124084472656
0.09090385437011717
0.13739547729492185
0.20176849365234373
0.2947517395019531
0.18460235595703123
0.15718421936035154
0.27591667175292967
0.7682510375976563
0.4447170257568359
0.09018859863281248
0.14049491882324217
0.22203407287597654
0.12046775817871092
0.15789947509765623
0.08732757568359373

