0.10139427185058592
0.23109397888183592
0.42159042358398435
0.36889991760253904
0.3603168487548828
0.23300132751464842
0.11617622375488279
0.08637390136718748
0.17411193847656248
0.2706714630126953
0.29308280944824217
0.21130523681640623
0.13787231445312498
0.09376487731933592
0.13501129150390623
0.19723854064941404
0.30476531982421873
0.18341026306152342
0.15575370788574217
0.2844997406005859
0.7672973632812501
0.4213520050048828
0.09400329589843748
0.13787231445312498
0.21774253845214842
0.12165985107421873
0.16481361389160154
0.08995018005371092

