0.12452087402343748
0.2401538848876953
0.42492828369140623
0.3672309875488281
0.34100494384765623
0.2363391876220703
0.11259994506835935
0.08589706420898435
0.17387351989746092
0.2661415100097656
0.30142745971679685
0.21058998107910154
0.13286552429199217
0.08351287841796873
0.13739547729492185
0.1993843078613281
0.3011890411376953
0.18007240295410154
0.16219100952148435
0.26065788269042967
0.6871887207031251
0.4175373077392578
0.0944801330566406
0.14383277893066404
0.2203651428222656
0.1230903625488281
0.16457519531249998
0.08899650573730467

