0.10067901611328123
0.22823295593261717
0.42659721374511717
0.3729530334472656
0.3646083831787109
0.22942504882812498
0.11331520080566404
0.08756599426269529
0.18054924011230467
0.2661415100097656
0.29522857666015623
0.2051063537597656
0.12785873413085935
0.0963874816894531
0.13977966308593748
0.1962848663330078
0.2947517395019531
0.17744979858398435
0.16171417236328123
0.2802082061767578
0.7372566223144532
0.4194446563720703
0.08780441284179685
0.1447864532470703
0.21178207397460935
0.1135536193847656
0.15527687072753904
0.08971176147460935

