0.10282478332519529
0.22942504882812498
0.4251667022705078
0.36627731323242185
0.36556205749511717
0.2356239318847656
0.10806999206542967
0.08184394836425779
0.17935714721679685
0.26852569580078123
0.2940364837646484
0.20820579528808592
0.13191184997558592
0.08565864562988279
0.13787231445312498
0.2012916564941406
0.301904296875
0.18054924011230467
0.16338310241699217
0.2821155548095703
0.7386871337890626
0.4187294006347656
0.09185752868652342
0.14645538330078123
0.21821937561035154
0.12237510681152342
0.15527687072753904
0.09138069152832029

