0.15003166198730467
0.22918663024902342
0.42468986511230467
0.36889991760253904
0.27400932312011717
0.23538551330566404
0.09352645874023435
0.08923492431640623
0.17387351989746092
0.2687641143798828
0.3114410400390625
0.20844421386718748
0.13310394287109373
0.08828124999999998
0.13286552429199217
0.1993843078613281
0.27734718322753904
0.18746337890624998
0.15646896362304685
0.2616115570068359
0.6423660278320313
0.3939338684082031
0.08995018005371092
0.13691864013671873
0.2146430969238281
0.12213668823242185
0.15885314941406248
0.09161911010742185

