0.09877166748046873
0.2382465362548828
0.4275508880615234
0.3691383361816406
0.36580047607421873
0.23490867614746092
0.11403045654296873
0.08637390136718748
0.17220458984374998
0.26447257995605467
0.3023811340332031
0.2012916564941406
0.1288124084472656
0.08589706420898435
0.13501129150390623
0.19652328491210935
0.298089599609375
0.17983398437499998
0.15885314941406248
0.28378448486328123
0.743932342529297
0.4194446563720703
0.08971176147460935
0.13954124450683592
0.21607360839843748
0.15146217346191404
0.17005882263183592
0.08947334289550779

