0.13000450134277342
0.22751770019531248
0.427789306640625
0.3698535919189453
0.3641315460205078
0.23037872314453123
0.11236152648925779
0.08661231994628904
0.17864189147949217
0.26590309143066404
0.2992816925048828
0.2096363067626953
0.1352497100830078
0.09090385437011717
0.13358078002929685
0.1981922149658203
0.2992816925048828
0.18341026306152342
0.1543231964111328
0.2558895111083984
0.7358261108398438
0.4111000061035156
0.09114227294921873
0.16290626525878904
0.21178207397460935
0.11689147949218748
0.15861473083496092
0.09471855163574217

