0.12714347839355467
0.2344318389892578
0.4232593536376953
0.3653236389160156
0.2814002990722656
0.2318092346191406
0.11474571228027342
0.08255920410156248
0.17363510131835935
0.2725788116455078
0.30142745971679685
0.21178207397460935
0.13882598876953123
0.09042701721191404
0.1402565002441406
0.20105323791503904
0.3030963897705078
0.17888031005859373
0.15503845214843748
0.2542205810546875
0.6612010955810548
0.3939338684082031
0.09352645874023435
0.13858757019042967
0.21249732971191404
0.11641464233398435
0.16076049804687498
0.09161911010742185

