0.12380561828613279
0.23037872314453123
0.45353851318359373
0.36508522033691404
0.2725788116455078
0.23419342041015623
0.12070617675781248
0.08232078552246092
0.20033798217773435
0.2699562072753906
0.29713592529296873
0.2096363067626953
0.13119659423828123
0.08351287841796873
0.13119659423828123
0.19723854064941404
0.3100105285644531
0.18436393737792967
0.15575370788574217
0.26018104553222654
0.6673999786376954
0.3984638214111328
0.09352645874023435
0.13358078002929685
0.21249732971191404
0.11426887512207029
0.16052207946777342
0.09543380737304685

