0.12547454833984373
0.23323974609374998
0.42349777221679685
0.3691383361816406
0.34219703674316404
0.24158439636230467
0.10616264343261717
0.0811286926269531
0.17792663574218748
0.2642341613769531
0.29904327392578123
0.2096363067626953
0.1333423614501953
0.09209594726562498
0.13381919860839842
0.20033798217773435
0.29904327392578123
0.18269500732421873
0.16052207946777342
0.2561279296875
0.7184215545654298
0.41896781921386717
0.0868507385253906
0.14383277893066404
0.21249732971191404
0.16242942810058592
0.1574226379394531
0.0944801330566406

