0.12237510681152342
0.22441825866699217
0.42993507385253904
0.37009201049804685
0.27853927612304685
0.22823295593261717
0.08756599426269529
0.11426887512207029
0.18054924011230467
0.2420612335205078
0.29260597229003904
0.20296058654785154
0.13858757019042967
0.0906654357910156
0.13310394287109373
0.1962848663330078
0.29642066955566404
0.18579444885253904
0.15527687072753904
0.2566047668457031
0.6349750518798829
0.39369544982910154
0.08971176147460935
0.14717063903808592
0.21368942260742185
0.11665306091308592
0.1536079406738281
0.0963874816894531

