0.12165985107421873
0.22656402587890623
0.42683563232421873
0.3603168487548828
0.2787776947021484
0.23467025756835935
0.09138069152832029
0.08589706420898435
0.17411193847656248
0.2699562072753906
0.28950653076171873
0.2108283996582031
0.13548812866210935
0.09495697021484373
0.13501129150390623
0.19866905212402342
0.28116188049316404
0.18341026306152342
0.1524158477783203
0.28306922912597654
0.6373592376708985
0.3901191711425781
0.0925727844238281
0.13477287292480467
0.21225891113281248
0.11712989807128904
0.15766105651855467
0.09543380737304685

