0.13286552429199217
0.2344318389892578
0.42731246948242185
0.37533721923828123
0.2783008575439453
0.23300132751464842
0.12070617675781248
0.0868507385253906
0.17935714721679685
0.27424774169921873
0.29642066955566404
0.2089210510253906
0.13405761718749998
0.0925727844238281
0.13930282592773435
0.19771537780761717
0.3042884826660156
0.18817863464355467
0.15527687072753904
0.25708160400390623
0.6373592376708985
0.3965564727783203
0.09185752868652342
0.13429603576660154
0.2191730499267578
0.11403045654296873
0.16338310241699217
0.09567222595214842

