0.10115585327148435
0.2611347198486328
0.4258819580078125
0.37056884765625
0.38845024108886717
0.2611347198486328
0.11045417785644529
0.08136711120605467
0.17554244995117185
0.26852569580078123
0.2940364837646484
0.2089210510253906
0.1288124084472656
0.08565864562988279
0.1390644073486328
0.20081481933593748
0.301904296875
0.18245658874511717
0.15122375488281248
0.28688392639160154
0.8123584747314454
0.4409023284912109
0.08971176147460935
0.1440711975097656
0.21893463134765623
0.14430961608886717
0.15956840515136717
0.09233436584472654

