0.10234794616699217
0.23037872314453123
0.42421302795410154
0.36818466186523435
0.36699256896972654
0.23610076904296873
0.11259994506835935
0.08351287841796873
0.17935714721679685
0.26852569580078123
0.30023536682128904
0.20606002807617185
0.13596496582031248
0.08351287841796873
0.13739547729492185
0.21011314392089842
0.30476531982421873
0.17744979858398435
0.15384635925292967
0.28116188049316404
0.7456012725830079
0.42349777221679685
0.10091743469238279
0.1459785461425781
0.21416625976562498
0.14740905761718748
0.15956840515136717
0.09400329589843748

