0.12666664123535154
0.22060356140136717
0.4256435394287109
0.37319145202636717
0.2787776947021484
0.2363391876220703
0.1135536193847656
0.08279762268066404
0.17864189147949217
0.2694793701171875
0.2890296936035156
0.20939788818359373
0.1276203155517578
0.09114227294921873
0.16099891662597654
0.1943775177001953
0.2973743438720703
0.1772113800048828
0.15599212646484373
0.2577968597412109
0.6402202606201173
0.3870197296142578
0.09209594726562498
0.13739547729492185
0.21130523681640623
0.11903724670410154
0.15336952209472654
0.09233436584472654

