0.0982948303222656
0.2306171417236328
0.4237361907958984
0.36746940612792967
0.374383544921875
0.2401538848876953
0.10830841064453123
0.07850608825683592
0.17411193847656248
0.26709518432617185
0.30524215698242185
0.20296058654785154
0.1307197570800781
0.09090385437011717
0.1364418029785156
0.20224533081054685
0.29451332092285154
0.17697296142578123
0.15646896362304685
0.27615509033203123
0.7398792266845704
0.41515312194824217
0.0906654357910156
0.14049491882324217
0.2146430969238281
0.11999092102050779
0.15336952209472654
0.08637390136718748

