0.1249977111816406
0.22751770019531248
0.44590911865234373
0.3648468017578125
0.2768703460693359
0.2356239318847656
0.11116943359374998
0.08971176147460935
0.18078765869140623
0.2694793701171875
0.29689750671386717
0.2070137023925781
0.13238868713378904
0.0887580871582031
0.1371570587158203
0.2000995635986328
0.30524215698242185
0.18436393737792967
0.15027008056640623
0.26089630126953123
0.6502338409423829
0.3977485656738281
0.09233436584472654
0.1371570587158203
0.21440467834472654
0.12404403686523435
0.16028366088867185
0.09281120300292967

