0.10544738769531248
0.23586235046386717
0.42731246948242185
0.3698535919189453
0.36198577880859373
0.23800811767578123
0.11522254943847654
0.08351287841796873
0.18436393737792967
0.27090988159179685
0.29713592529296873
0.2337165832519531
0.1307197570800781
0.08398971557617185
0.13477287292480467
0.19342384338378904
0.29880485534667967
0.16934356689453123
0.17005882263183592
0.2806850433349609
0.7606216430664063
0.4237361907958984
0.0944801330566406
0.13930282592773435
0.21750411987304685
0.1459785461425781
0.15956840515136717
0.09328804016113279

