0.09996376037597654
0.23014030456542967
0.4258819580078125
0.3729530334472656
0.3588863372802734
0.23228607177734373
0.15837631225585935
0.08398971557617185
0.1784034729003906
0.2635189056396484
0.29570541381835935
0.2089210510253906
0.1295276641845703
0.09042701721191404
0.13763389587402342
0.19533119201660154
0.2999969482421875
0.18078765869140623
0.15694580078124998
0.2878376007080078
0.7448860168457032
0.41706047058105467
0.09018859863281248
0.14144859313964842
0.2108283996582031
0.12046775817871092
0.1555152893066406
0.09304962158203123

