0.12213668823242185
0.22346458435058592
0.4263587951660156
0.37390670776367185
0.27806243896484373
0.23133239746093748
0.10997734069824217
0.07945976257324217
0.1822181701660156
0.275201416015625
0.28616867065429685
0.2039142608642578
0.13763389587402342
0.09495697021484373
0.13286552429199217
0.19962272644042967
0.3221698760986328
0.17816505432128904
0.15575370788574217
0.25827369689941404
0.6347366333007813
0.3874965667724609
0.09018859863281248
0.14574012756347654
0.21225891113281248
0.11617622375488279
0.16147575378417967
0.0963874816894531

