0.12595138549804685
0.22727928161621092
0.43041191101074217
0.37128410339355467
0.27734718322753904
0.23419342041015623
0.08613548278808592
0.08398971557617185
0.17935714721679685
0.2501674652099609
0.2928443908691406
0.2127357482910156
0.13191184997558592
0.09042701721191404
0.14264068603515623
0.1981922149658203
0.275201416015625
0.18078765869140623
0.16648254394531248
0.25946578979492185
0.6435581207275392
0.3908344268798828
0.09114227294921873
0.13977966308593748
0.21511993408203123
0.12285194396972654
0.15789947509765623
0.09948692321777342

