0.12070617675781248
0.23133239746093748
0.42874298095703123
0.3653236389160156
0.2814002990722656
0.23419342041015623
0.11140785217285154
0.08232078552246092
0.17625770568847654
0.26518783569335935
0.28950653076171873
0.2077289581298828
0.13882598876953123
0.08398971557617185
0.13405761718749998
0.1955696105957031
0.29761276245117185
0.18388710021972654
0.1517005920410156
0.25517425537109373
0.6604858398437501
0.4118152618408203
0.09090385437011717
0.1352497100830078
0.21631202697753904
0.11593780517578123
0.15384635925292967
0.08923492431640623

