0.1307197570800781
0.22751770019531248
0.43565711975097654
0.37652931213378904
0.36699256896972654
0.23467025756835935
0.11593780517578123
0.08398971557617185
0.1810260772705078
0.2687641143798828
0.30667266845703123
0.2108283996582031
0.1345344543457031
0.08708915710449217
0.13954124450683592
0.19843063354492185
0.30405006408691404
0.1810260772705078
0.1593299865722656
0.26089630126953123
0.7425018310546876
0.4144378662109375
0.09424171447753904
0.14049491882324217
0.21631202697753904
0.11879882812499998
0.15956840515136717
0.09233436584472654

