0.1276203155517578
0.23657760620117185
0.4327960968017578
0.3710456848144531
0.28235397338867185
0.22894821166992185
0.1192756652832031
0.08327445983886717
0.17482719421386717
0.2618499755859375
0.2923675537109375
0.20415267944335935
0.1314350128173828
0.08351287841796873
0.1333423614501953
0.19604644775390623
0.30452690124511717
0.18245658874511717
0.15289268493652342
0.2539821624755859
0.6542869567871095
0.4194446563720703
0.08708915710449217
0.13620338439941404
0.21678886413574217
0.11665306091308592
0.1574226379394531
0.09591064453124998

