0.1276203155517578
0.23467025756835935
0.4237361907958984
0.3748603820800781
0.27973136901855467
0.2299018859863281
0.11403045654296873
0.08208236694335935
0.17744979858398435
0.26900253295898435
0.2883144378662109
0.20796737670898435
0.1345344543457031
0.09424171447753904
0.13620338439941404
0.19771537780761717
0.30095062255859373
0.1848407745361328
0.15909156799316404
0.2635189056396484
0.6907649993896485
0.42349777221679685
0.09018859863281248
0.1428791046142578
0.2172657012939453
0.1230903625488281
0.16052207946777342
0.0906654357910156

