0.09996376037597654
0.22775611877441404
0.4237361907958984
0.36580047607421873
0.3646083831787109
0.22966346740722654
0.10735473632812498
0.07564506530761717
0.17363510131835935
0.2694793701171875
0.29642066955566404
0.2070137023925781
0.13381919860839842
0.08661231994628904
0.13739547729492185
0.20105323791503904
0.30214271545410154
0.1803108215332031
0.15837631225585935
0.28736076354980467
0.7641979217529298
0.4199214935302734
0.09138069152832029
0.1409717559814453
0.21559677124023435
0.11879882812499998
0.1631446838378906
0.09233436584472654

