0.1173683166503906
0.22060356140136717
0.42683563232421873
0.3665157318115234
0.2749629974365234
0.23610076904296873
0.10687789916992185
0.08136711120605467
0.17506561279296873
0.27472457885742185
0.29308280944824217
0.2020069122314453
0.13668022155761717
0.08589706420898435
0.1383491516113281
0.19270858764648435
0.29832801818847654
0.17554244995117185
0.1536079406738281
0.25684318542480467
0.6337829589843751
0.39178810119628904
0.09328804016113279
0.1371570587158203
0.21607360839843748
0.11450729370117185
0.15980682373046873
0.09376487731933592

