0.12380561828613279
0.21178207397460935
0.42683563232421873
0.37056884765625
0.28354606628417967
0.23657760620117185
0.11212310791015623
0.0887580871582031
0.18269500732421873
0.2756782531738281
0.2794929504394531
0.21750411987304685
0.13787231445312498
0.08995018005371092
0.14311752319335935
0.20153007507324217
0.3092952728271484
0.1803108215332031
0.15599212646484373
0.2618499755859375
0.6781288146972657
0.4256435394287109
0.09519538879394529
0.13548812866210935
0.23157081604003904
0.12094459533691404
0.16529045104980467
0.09161911010742185

