0.1249977111816406
0.22942504882812498
0.4225440979003906
0.3698535919189453
0.28354606628417967
0.24063072204589842
0.08470497131347654
0.08470497131347654
0.17244300842285154
0.24539909362792967
0.28998336791992185
0.20558319091796873
0.13691864013671873
0.08947334289550779
0.13691864013671873
0.19580802917480467
0.30285797119140623
0.18364868164062498
0.1593299865722656
0.25755844116210935
0.6404586791992188
0.39631805419921873
0.09352645874023435
0.1364418029785156
0.22203407287597654
0.11879882812499998
0.22561035156249998
0.09519538879394529

