0.12523612976074217
0.22584877014160154
0.42921981811523435
0.3717609405517578
0.2737709045410156
0.2539821624755859
0.11403045654296873
0.08279762268066404
0.1784034729003906
0.27210197448730467
0.2947517395019531
0.20820579528808592
0.12905082702636717
0.08947334289550779
0.13596496582031248
0.20296058654785154
0.3004737854003906
0.17983398437499998
0.16052207946777342
0.26518783569335935
0.6910034179687501
0.4194446563720703
0.09090385437011717
0.1428791046142578
0.21702728271484373
0.1249977111816406
0.1638599395751953
0.0887580871582031

