0.12618980407714842
0.23133239746093748
0.42349777221679685
0.3627010345458984
0.28235397338867185
0.23776969909667967
0.11069259643554685
0.08184394836425779
0.1745887756347656
0.26518783569335935
0.2940364837646484
0.20725212097167967
0.13024291992187498
0.08756599426269529
0.1364418029785156
0.1993843078613281
0.3016658782958984
0.18817863464355467
0.15575370788574217
0.26208839416503904
0.6690689086914063
0.3996559143066406
0.09519538879394529
0.13548812866210935
0.21821937561035154
0.1230903625488281
0.16076049804687498
0.09161911010742185

