0.12928924560546873
0.23085556030273435
0.42278251647949217
0.3710456848144531
0.2821155548095703
0.23538551330566404
0.11712989807128904
0.1326271057128906
0.1581378936767578
0.275201416015625
0.2966590881347656
0.18555603027343748
0.13238868713378904
0.09281120300292967
0.13429603576660154
0.1848407745361328
0.31096420288085935
0.18126449584960935
0.15670738220214842
0.259942626953125
0.6912418365478517
0.4187294006347656
0.09781799316406248
0.13429603576660154
0.21964988708496092
0.12070617675781248
0.15408477783203123
0.09138069152832029

