0.12666664123535154
0.23085556030273435
0.4335113525390625
0.3686614990234375
0.28497657775878904
0.2337165832519531
0.11188468933105467
0.07945976257324217
0.17744979858398435
0.26471099853515623
0.2923675537109375
0.2580352783203125
0.1345344543457031
0.08899650573730467
0.13381919860839842
0.20820579528808592
0.30333480834960935
0.18269500732421873
0.16481361389160154
0.2580352783203125
0.688857650756836
0.423974609375
0.09328804016113279
0.14192543029785154
0.21774253845214842
0.10997734069824217
0.1650520324707031
0.0906654357910156

