0.12356719970703123
0.23109397888183592
0.5284019470214845
0.3710456848144531
0.27806243896484373
0.2325244903564453
0.11236152648925779
0.0830360412597656
0.18197975158691404
0.27019462585449217
0.29451332092285154
0.20439109802246092
0.13882598876953123
0.08947334289550779
0.1345344543457031
0.19652328491210935
0.29952011108398435
0.18364868164062498
0.15122375488281248
0.26065788269042967
0.6683536529541017
0.4251667022705078
0.0944801330566406
0.13739547729492185
0.21893463134765623
0.11307678222656248
0.16219100952148435
0.0982948303222656

