0.1307197570800781
0.2661415100097656
0.4313655853271484
0.37056884765625
0.3412433624267578
0.2356239318847656
0.1288124084472656
0.0887580871582031
0.17935714721679685
0.2718635559082031
0.29713592529296873
0.20987472534179685
0.13286552429199217
0.08732757568359373
0.13405761718749998
0.19580802917480467
0.30214271545410154
0.17744979858398435
0.15408477783203123
0.26256523132324217
0.6938644409179688
0.4144378662109375
0.08947334289550779
0.1402565002441406
0.22012672424316404
0.11593780517578123
0.1631446838378906
0.09519538879394529

