0.13191184997558592
0.2248950958251953
0.42921981811523435
0.3691383361816406
0.2783008575439453
0.23133239746093748
0.10878524780273435
0.0849433898925781
0.18364868164062498
0.2656646728515625
0.29308280944824217
0.2089210510253906
0.13024291992187498
0.08565864562988279
0.13882598876953123
0.19485435485839842
0.3038116455078125
0.18054924011230467
0.1555152893066406
0.2592273712158203
0.6724067687988282
0.423974609375
0.09209594726562498
0.13668022155761717
0.2108283996582031
0.1211830139160156
0.16481361389160154
0.09924850463867185

