0.12356719970703123
0.2344318389892578
0.42731246948242185
0.3684230804443359
0.28116188049316404
0.23323974609374998
0.08995018005371092
0.08661231994628904
0.18150291442871092
0.24301490783691404
0.29689750671386717
0.2115436553955078
0.13024291992187498
0.09042701721191404
0.13310394287109373
0.19723854064941404
0.27234039306640623
0.20915946960449217
0.15480003356933592
0.25684318542480467
0.6368824005126954
0.39059600830078123
0.08708915710449217
0.13596496582031248
0.21488151550292967
0.11879882812499998
0.18126449584960935
0.0906654357910156

