0.12809715270996092
0.22942504882812498
0.43041191101074217
0.36818466186523435
0.3393360137939453
0.23204765319824217
0.11760673522949217
0.08780441284179685
0.17888031005859373
0.2694793701171875
0.2923675537109375
0.20915946960449217
0.1307197570800781
0.09281120300292967
0.1383491516113281
0.1924701690673828
0.29832801818847654
0.18126449584960935
0.1536079406738281
0.2585121154785156
0.7100769042968751
0.4599758148193359
0.09185752868652342
0.1402565002441406
0.21964988708496092
0.12285194396972654
0.15766105651855467
0.09090385437011717

